./images_MainRoad1_2/ScreenShot0001.jpg 59.793941 -77.687688 4.500000 0.653282 0.270598 0.270598 0.653281 
./images_MainRoad1_2/ScreenShot0002.jpg 59.333614 -77.988711 4.500000 0.653282 0.270598 0.270598 0.653281 
./images_MainRoad1_2/ScreenShot0003.jpg 58.873293 -78.289721 4.500000 0.653282 0.270598 0.270598 0.653281 
./images_MainRoad1_2/ScreenShot0004.jpg 58.412986 -78.590729 4.500000 0.653282 0.270598 0.270598 0.653281 
./images_MainRoad1_2/ScreenShot0005.jpg 57.952716 -78.891712 4.500000 0.653282 0.270598 0.270598 0.653281 
./images_MainRoad1_2/ScreenShot0006.jpg 57.491899 -79.193055 4.500000 0.653282 0.270598 0.270598 0.653281 
./images_MainRoad1_2/ScreenShot0007.jpg 57.028167 -79.496302 4.500000 0.653282 0.270598 0.270598 0.653281 
./images_MainRoad1_2/ScreenShot0008.jpg 56.570938 -79.795298 4.500000 0.653282 0.270598 0.270598 0.653281 
./images_MainRoad1_2/ScreenShot0009.jpg 56.110318 -80.096511 4.500000 0.653282 0.270598 0.270598 0.653281 
./images_MainRoad1_2/ScreenShot0010.jpg 55.650841 -80.396977 4.500000 0.653282 0.270598 0.270598 0.653281 
./images_MainRoad1_2/ScreenShot0011.jpg 55.190454 -80.698037 4.500000 0.653282 0.270598 0.270598 0.653281 
./images_MainRoad1_2/ScreenShot0012.jpg 54.730517 -80.998798 4.500000 0.653282 0.270598 0.270598 0.653281 
./images_MainRoad1_2/ScreenShot0013.jpg 54.270058 -81.299904 4.500000 0.653282 0.270598 0.270598 0.653281 
./images_MainRoad1_2/ScreenShot0014.jpg 53.809898 -81.600816 4.500000 0.653282 0.270598 0.270598 0.653281 
./images_MainRoad1_2/ScreenShot0015.jpg 53.349510 -81.901877 4.500000 0.653282 0.270598 0.270598 0.653281 
./images_MainRoad1_2/ScreenShot0016.jpg 52.889090 -82.202957 4.500000 0.653282 0.270598 0.270598 0.653281 
./images_MainRoad1_2/ScreenShot0017.jpg 52.428812 -82.503948 4.500000 0.653282 0.270598 0.270598 0.653281 
./images_MainRoad1_2/ScreenShot0018.jpg 51.968529 -82.804940 4.500000 0.653282 0.270598 0.270598 0.653281 
./images_MainRoad1_2/ScreenShot0019.jpg 51.508381 -83.105845 4.500000 0.653282 0.270598 0.270598 0.653281 
./images_MainRoad1_2/ScreenShot0020.jpg 51.047755 -83.407061 4.500000 0.653282 0.270598 0.270598 0.653281 
./images_MainRoad1_2/ScreenShot0021.jpg 50.586972 -83.708375 4.500000 0.653282 0.270598 0.270598 0.653281 
./images_MainRoad1_2/ScreenShot0022.jpg 50.127143 -84.009068 4.500000 0.653282 0.270598 0.270598 0.653281 
./images_MainRoad1_2/ScreenShot0023.jpg 49.666418 -84.310351 4.500000 0.653282 0.270598 0.270598 0.653281 
./images_MainRoad1_2/ScreenShot0024.jpg 49.205559 -84.611720 4.500000 0.653282 0.270598 0.270598 0.653281 
./images_MainRoad1_2/ScreenShot0025.jpg 48.746276 -84.912060 4.500000 0.653282 0.270598 0.270598 0.653281 
./images_MainRoad1_2/ScreenShot0026.jpg 48.284765 -85.213854 4.500000 0.653282 0.270598 0.270598 0.653281 
./images_MainRoad1_2/ScreenShot0027.jpg 47.825156 -85.514405 4.500000 0.653282 0.270598 0.270598 0.653281 
./images_MainRoad1_2/ScreenShot0028.jpg 47.365283 -85.815130 4.500000 0.653282 0.270598 0.270598 0.653281 
./images_MainRoad1_2/ScreenShot0029.jpg 46.902408 -86.117817 4.500000 0.653282 0.270598 0.270598 0.653281 
./images_MainRoad1_2/ScreenShot0030.jpg 46.443299 -86.418038 4.500000 0.653282 0.270598 0.270598 0.653281 
./images_MainRoad1_2/ScreenShot0031.jpg 45.984448 -86.718091 4.500000 0.653282 0.270598 0.270598 0.653281 
./images_MainRoad1_2/ScreenShot0032.jpg 45.524390 -87.018936 4.500000 0.653282 0.270598 0.270598 0.653281 
./images_MainRoad1_2/ScreenShot0033.jpg 45.063665 -87.320217 4.500000 0.653282 0.270598 0.270598 0.653281 
./images_MainRoad1_2/ScreenShot0034.jpg 44.603131 -87.621374 4.500000 0.653282 0.270598 0.270598 0.653281 
./images_MainRoad1_2/ScreenShot0035.jpg 44.143082 -87.922213 4.500000 0.653282 0.270598 0.270598 0.653281 
./images_MainRoad1_2/ScreenShot0036.jpg 43.682756 -88.223236 4.500000 0.653282 0.270598 0.270598 0.653281 
./images_MainRoad1_2/ScreenShot0037.jpg 43.222406 -88.524271 4.500000 0.653282 0.270598 0.270598 0.653281 
./images_MainRoad1_2/ScreenShot0038.jpg 42.762024 -88.825327 4.500000 0.653282 0.270598 0.270598 0.653281 
./images_MainRoad1_2/ScreenShot0039.jpg 42.301915 -89.126200 4.500000 0.653282 0.270598 0.270598 0.653281 
./images_MainRoad1_2/ScreenShot0040.jpg 41.841446 -89.427315 4.500000 0.653282 0.270598 0.270598 0.653281 
./images_MainRoad1_2/ScreenShot0041.jpg 41.381235 -89.728260 4.500000 0.653282 0.270598 0.270598 0.653281 
./images_MainRoad1_2/ScreenShot0042.jpg 40.920642 -90.029453 4.500000 0.653282 0.270598 0.270598 0.653281 
./images_MainRoad1_2/ScreenShot0043.jpg 40.460441 -90.330393 4.500000 0.653282 0.270598 0.270598 0.653281 
./images_MainRoad1_2/ScreenShot0044.jpg 40.000259 -90.631321 4.500000 0.653282 0.270598 0.270598 0.653281 
./images_MainRoad1_2/ScreenShot0045.jpg 39.539732 -90.932473 4.500000 0.653282 0.270598 0.270598 0.653281 
./images_MainRoad1_2/ScreenShot0046.jpg 39.079345 -91.233532 4.500000 0.653282 0.270598 0.270598 0.653281 
./images_MainRoad1_2/ScreenShot0047.jpg 38.619013 -91.534558 4.500000 0.653282 0.270598 0.270598 0.653281 
./images_MainRoad1_2/ScreenShot0048.jpg 38.159277 -91.835185 4.500000 0.653282 0.270598 0.270598 0.653281 
./images_MainRoad1_2/ScreenShot0049.jpg 37.698407 -92.136562 4.500000 0.653282 0.270598 0.270598 0.653281 
./images_MainRoad1_2/ScreenShot0050.jpg 37.235840 -92.439047 4.500000 0.653282 0.270598 0.270598 0.653281 
./images_MainRoad1_2/ScreenShot0051.jpg 36.777653 -92.738669 4.500000 0.653282 0.270598 0.270598 0.653281 
./images_MainRoad1_2/ScreenShot0052.jpg 36.317629 -93.039492 4.500000 0.653282 0.270598 0.270598 0.653281 
./images_MainRoad1_2/ScreenShot0053.jpg 35.857075 -93.340661 4.500000 0.653282 0.270598 0.270598 0.653281 
./images_MainRoad1_2/ScreenShot0054.jpg 35.396945 -93.641554 4.500000 0.653282 0.270598 0.270598 0.653281 
./images_MainRoad1_2/ScreenShot0055.jpg 34.936754 -93.942488 4.500000 0.653282 0.270598 0.270598 0.653281 
./images_MainRoad1_2/ScreenShot0056.jpg 34.476438 -94.243503 4.500000 0.653282 0.270598 0.270598 0.653281 
./images_MainRoad1_2/ScreenShot0057.jpg 34.016009 -94.544584 4.500000 0.653282 0.270598 0.270598 0.653281 
./images_MainRoad1_2/ScreenShot0058.jpg 33.555333 -94.845830 4.500000 0.653282 0.270598 0.270598 0.653281 
./images_MainRoad1_2/ScreenShot0059.jpg 33.093929 -95.147560 4.500000 0.653282 0.270598 0.270598 0.653281 
./images_MainRoad1_2/ScreenShot0060.jpg 32.634944 -95.447700 4.500000 0.653282 0.270598 0.270598 0.653281 
./images_MainRoad1_2/ScreenShot0061.jpg 32.174725 -95.748650 4.500000 0.653282 0.270598 0.270598 0.653281 
./images_MainRoad1_2/ScreenShot0062.jpg 31.714250 -96.049769 4.500000 0.653282 0.270598 0.270598 0.653281 
./images_MainRoad1_2/ScreenShot0063.jpg 31.254106 -96.350670 4.500000 0.653282 0.270598 0.270598 0.653281 
./images_MainRoad1_2/ScreenShot0064.jpg 30.793843 -96.651649 4.500000 0.653282 0.270598 0.270598 0.653281 
./images_MainRoad1_2/ScreenShot0065.jpg 30.333650 -96.952583 4.500000 0.653282 0.270598 0.270598 0.653281 
./images_MainRoad1_2/ScreenShot0066.jpg 29.873211 -97.253673 4.500000 0.653282 0.270598 0.270598 0.653281 
./images_MainRoad1_2/ScreenShot0067.jpg 29.413097 -97.554553 4.500000 0.653282 0.270598 0.270598 0.653281 
./images_MainRoad1_2/ScreenShot0068.jpg 28.952588 -97.855695 4.500000 0.653282 0.270598 0.270598 0.653281 
./images_MainRoad1_2/ScreenShot0069.jpg 28.946342 -97.859783 4.500000 0.653282 0.270598 0.270598 0.653281 
./images_MainRoad1_2/ScreenShot0070.jpg 28.488809 -98.158971 4.500000 0.653282 0.270598 0.270598 0.653281 
./images_MainRoad1_2/ScreenShot0071.jpg 28.030985 -98.458357 4.500000 0.653282 0.270598 0.270598 0.653281 
./images_MainRoad1_2/ScreenShot0072.jpg 27.571568 -98.758782 4.500000 0.653282 0.270598 0.270598 0.653281 
./images_MainRoad1_2/ScreenShot0073.jpg 27.110718 -99.060145 4.500000 0.653282 0.270598 0.270598 0.653281 
./images_MainRoad1_2/ScreenShot0074.jpg 26.650429 -99.361143 4.500000 0.653282 0.270598 0.270598 0.653281 
./images_MainRoad1_2/ScreenShot0075.jpg 26.190739 -99.661746 4.500000 0.653282 0.270598 0.270598 0.653281 
./images_MainRoad1_2/ScreenShot0076.jpg 25.730449 -99.962745 4.500000 0.653282 0.270598 0.270598 0.653281 
./images_MainRoad1_2/ScreenShot0077.jpg 25.269995 -100.263842 4.500000 0.653282 0.270598 0.270598 0.653281 
./images_MainRoad1_2/ScreenShot0078.jpg 24.809494 -100.564978 4.500000 0.653282 0.270598 0.270598 0.653281 
./images_MainRoad1_2/ScreenShot0079.jpg 24.349302 -100.865909 4.500000 0.653282 0.270598 0.270598 0.653281 
./images_MainRoad1_2/ScreenShot0080.jpg 23.889058 -101.166877 4.500000 0.653282 0.270598 0.270598 0.653281 
./images_MainRoad1_2/ScreenShot0081.jpg 23.428586 -101.467992 4.500000 0.653282 0.270598 0.270598 0.653281 
./images_MainRoad1_2/ScreenShot0082.jpg 22.966849 -101.769937 4.500000 0.653282 0.270598 0.270598 0.653281 
./images_MainRoad1_2/ScreenShot0083.jpg 22.507562 -102.070277 4.500000 0.653282 0.270598 0.270598 0.653281 
./images_MainRoad1_2/ScreenShot0084.jpg 22.047233 -102.371298 4.500000 0.653282 0.270598 0.270598 0.653281 
./images_MainRoad1_2/ScreenShot0085.jpg 21.587194 -102.672133 4.500000 0.653282 0.270598 0.270598 0.653281 
./images_MainRoad1_2/ScreenShot0086.jpg 21.127113 -102.972987 4.500000 0.653282 0.270598 0.270598 0.653281 
./images_MainRoad1_2/ScreenShot0087.jpg 20.666676 -103.274080 4.500000 0.653282 0.270598 0.270598 0.653281 
./images_MainRoad1_2/ScreenShot0088.jpg 20.206438 -103.575043 4.500000 0.653282 0.270598 0.270598 0.653281 
./images_MainRoad1_2/ScreenShot0089.jpg 19.746128 -103.876052 4.500000 0.653282 0.270598 0.270598 0.653281 
./images_MainRoad1_2/ScreenShot0090.jpg 19.285433 -104.177313 4.500000 0.653282 0.270598 0.270598 0.653281 
./images_MainRoad1_2/ScreenShot0091.jpg 18.825250 -104.478242 4.500000 0.653282 0.270598 0.270598 0.653281 
./images_MainRoad1_2/ScreenShot0092.jpg 18.364389 -104.779611 4.500000 0.653282 0.270598 0.270598 0.653281 
./images_MainRoad1_2/ScreenShot0093.jpg 17.903741 -105.080844 4.500000 0.653282 0.270598 0.270598 0.653281 
./images_MainRoad1_2/ScreenShot0094.jpg 17.443687 -105.381685 4.500000 0.653282 0.270598 0.270598 0.653281 
./images_MainRoad1_2/ScreenShot0095.jpg 16.983280 -105.682756 4.500000 0.653282 0.270598 0.270598 0.653281 
./images_MainRoad1_2/ScreenShot0096.jpg 16.523928 -105.983138 4.500000 0.653282 0.270598 0.270598 0.653281 
./images_MainRoad1_2/ScreenShot0097.jpg 16.063621 -106.284144 4.500000 0.653282 0.270598 0.270598 0.653281 
./images_MainRoad1_2/ScreenShot0098.jpg 61.633999 -76.484422 4.500000 0.653282 0.270598 0.270598 0.653281 
./images_MainRoad1_2/ScreenShot0099.jpg 61.169709 -76.788035 4.500000 0.653282 0.270598 0.270598 0.653281 
./images_MainRoad1_2/ScreenShot0100.jpg 60.712022 -77.087330 4.500000 0.653282 0.270598 0.270598 0.653281 
./images_MainRoad1_2/ScreenShot0101.jpg 60.252764 -77.387652 4.500000 0.653282 0.270598 0.270598 0.653281 
./images_MainRoad1_2/ScreenShot0102.jpg 59.792171 -77.688846 4.500000 0.653282 0.270598 0.270598 0.653281 
