./images_OneRoad1_2/ScreenShot0001.jpg 21.589237 -22.179859 4.500000 0.579228 0.579228 0.405580 0.405580 
./images_OneRoad1_2/ScreenShot0002.jpg 21.866969 -22.551153 4.500000 0.579228 0.579228 0.405580 0.405580 
./images_OneRoad1_2/ScreenShot0003.jpg 22.144304 -22.921921 4.500000 0.579228 0.579228 0.405580 0.405580 
./images_OneRoad1_2/ScreenShot0004.jpg 22.419705 -23.290098 4.500000 0.579228 0.579228 0.405580 0.405580 
./images_OneRoad1_2/ScreenShot0005.jpg 22.695501 -23.658808 4.500000 0.579228 0.579228 0.405580 0.405580 
./images_OneRoad1_2/ScreenShot0006.jpg 22.972014 -24.028473 4.500000 0.579228 0.579228 0.405580 0.405580 
./images_OneRoad1_2/ScreenShot0007.jpg 23.248923 -24.398670 4.500000 0.579228 0.579228 0.405580 0.405580 
./images_OneRoad1_2/ScreenShot0008.jpg 23.525720 -24.768715 4.500000 0.579228 0.579228 0.405580 0.405580 
./images_OneRoad1_2/ScreenShot0009.jpg 23.802507 -25.138746 4.500000 0.579228 0.579228 0.405580 0.405580 
./images_OneRoad1_2/ScreenShot0010.jpg 24.079428 -25.508958 4.500000 0.579228 0.579228 0.405580 0.405580 
./images_OneRoad1_2/ScreenShot0011.jpg 24.356200 -25.878970 4.500000 0.579228 0.579228 0.405580 0.405580 
./images_OneRoad1_2/ScreenShot0012.jpg 24.632923 -26.248919 4.500000 0.579228 0.579228 0.405580 0.405580 
./images_OneRoad1_2/ScreenShot0013.jpg 24.909926 -26.619240 4.500000 0.579228 0.579228 0.405580 0.405580 
./images_OneRoad1_2/ScreenShot0014.jpg 25.187095 -26.989782 4.500000 0.579228 0.579228 0.405580 0.405580 
./images_OneRoad1_2/ScreenShot0015.jpg 25.463749 -27.359637 4.500000 0.579228 0.579228 0.405580 0.405580 
./images_OneRoad1_2/ScreenShot0016.jpg 25.740490 -27.729608 4.500000 0.579228 0.579228 0.405580 0.405580 
./images_OneRoad1_2/ScreenShot0017.jpg 26.017117 -28.099426 4.500000 0.579228 0.579228 0.405580 0.405580 
./images_OneRoad1_2/ScreenShot0018.jpg 26.295358 -28.471403 4.500000 0.579228 0.579228 0.405580 0.405580 
./images_OneRoad1_2/ScreenShot0019.jpg 26.571075 -28.840006 4.500000 0.579228 0.579228 0.405580 0.405580 
./images_OneRoad1_2/ScreenShot0020.jpg 26.847679 -29.209794 4.500000 0.579228 0.579228 0.405580 0.405580 
./images_OneRoad1_2/ScreenShot0021.jpg 27.124906 -29.580413 4.500000 0.579228 0.579228 0.405580 0.405580 
./images_OneRoad1_2/ScreenShot0022.jpg 27.401840 -29.950643 4.500000 0.579228 0.579228 0.405580 0.405580 
./images_OneRoad1_2/ScreenShot0023.jpg 27.678404 -30.320377 4.500000 0.579228 0.579228 0.405580 0.405580 
./images_OneRoad1_2/ScreenShot0024.jpg 27.955031 -30.690196 4.500000 0.579228 0.579228 0.405580 0.405580 
./images_OneRoad1_2/ScreenShot0025.jpg 28.231796 -31.060199 4.500000 0.579228 0.579228 0.405580 0.405580 
./images_OneRoad1_2/ScreenShot0026.jpg 28.508988 -31.430771 4.500000 0.579228 0.579228 0.405580 0.405580 
./images_OneRoad1_2/ScreenShot0027.jpg 28.785522 -31.800467 4.500000 0.579228 0.579228 0.405580 0.405580 
./images_OneRoad1_2/ScreenShot0028.jpg 29.065723 -32.175064 4.500000 0.579228 0.579228 0.405580 0.405580 
./images_OneRoad1_2/ScreenShot0029.jpg 29.340021 -32.541770 4.500000 0.579228 0.579228 0.405580 0.405580 
./images_OneRoad1_2/ScreenShot0030.jpg 29.616133 -32.910898 4.500000 0.579228 0.579228 0.405580 0.405580 
./images_OneRoad1_2/ScreenShot0031.jpg 29.892891 -33.280894 4.500000 0.579228 0.579228 0.405580 0.405580 
./images_OneRoad1_2/ScreenShot0032.jpg 30.169854 -33.651162 4.500000 0.579228 0.579228 0.405580 0.405580 
./images_OneRoad1_2/ScreenShot0033.jpg 30.446593 -34.021127 4.500000 0.579228 0.579228 0.405580 0.405580 
./images_OneRoad1_2/ScreenShot0034.jpg 30.723233 -34.390967 4.500000 0.579228 0.579228 0.405580 0.405580 
./images_OneRoad1_2/ScreenShot0035.jpg 31.000201 -34.761237 4.500000 0.579228 0.579228 0.405580 0.405580 
./images_OneRoad1_2/ScreenShot0036.jpg 31.276964 -35.131241 4.500000 0.579228 0.579228 0.405580 0.405580 
./images_OneRoad1_2/ScreenShot0037.jpg 31.553965 -35.501557 4.500000 0.579228 0.579228 0.405580 0.405580 
./images_OneRoad1_2/ScreenShot0038.jpg 31.831112 -35.872070 4.500000 0.579228 0.579228 0.405580 0.405580 
./images_OneRoad1_2/ScreenShot0039.jpg 32.107675 -36.241806 4.500000 0.579228 0.579228 0.405580 0.405580 
./images_OneRoad1_2/ScreenShot0040.jpg 32.384406 -36.611760 4.500000 0.579228 0.579228 0.405580 0.405580 
./images_OneRoad1_2/ScreenShot0041.jpg 32.662968 -36.984167 4.500000 0.579228 0.579228 0.405580 0.405580 
./images_OneRoad1_2/ScreenShot0042.jpg 32.937936 -37.351770 4.500000 0.579228 0.579228 0.405580 0.405580 
./images_OneRoad1_2/ScreenShot0043.jpg 33.214825 -37.721936 4.500000 0.579228 0.579228 0.405580 0.405580 
./images_OneRoad1_2/ScreenShot0044.jpg 33.492135 -38.092673 4.500000 0.579228 0.579228 0.405580 0.405580 
./images_OneRoad1_2/ScreenShot0045.jpg 33.768467 -38.462093 4.500000 0.579228 0.579228 0.405580 0.405580 
./images_OneRoad1_2/ScreenShot0046.jpg 34.045450 -38.832384 4.500000 0.579228 0.579228 0.405580 0.405580 
./images_OneRoad1_2/ScreenShot0047.jpg 34.322415 -39.202663 4.500000 0.579228 0.579228 0.405580 0.405580 
./images_OneRoad1_2/ScreenShot0048.jpg 34.599108 -39.572561 4.500000 0.579228 0.579228 0.405580 0.405580 
./images_OneRoad1_2/ScreenShot0049.jpg 34.876006 -39.942750 4.500000 0.579228 0.579228 0.405580 0.405580 
./images_OneRoad1_2/ScreenShot0050.jpg 35.152822 -40.312817 4.500000 0.579228 0.579228 0.405580 0.405580 
./images_OneRoad1_2/ScreenShot0051.jpg 35.429705 -40.682976 4.500000 0.579228 0.579228 0.405580 0.405580 
./images_OneRoad1_2/ScreenShot0052.jpg 35.706665 -41.053244 4.500000 0.579228 0.579228 0.405580 0.405580 
./images_OneRoad1_2/ScreenShot0053.jpg 35.983199 -41.422935 4.500000 0.579228 0.579228 0.405580 0.405580 
./images_OneRoad1_2/ScreenShot0054.jpg 36.260182 -41.793231 4.500000 0.579228 0.579228 0.405580 0.405580 
./images_OneRoad1_2/ScreenShot0055.jpg 36.537043 -42.163363 4.500000 0.579228 0.579228 0.405580 0.405580 
./images_OneRoad1_2/ScreenShot0056.jpg 36.814045 -42.533682 4.500000 0.579228 0.579228 0.405580 0.405580 
./images_OneRoad1_2/ScreenShot0057.jpg 37.090915 -42.903828 4.500000 0.579228 0.579228 0.405580 0.405580 
./images_OneRoad1_2/ScreenShot0058.jpg 37.367569 -43.273680 4.500000 0.579228 0.579228 0.405580 0.405580 
./images_OneRoad1_2/ScreenShot0059.jpg 37.644363 -43.643720 4.500000 0.579228 0.579228 0.405580 0.405580 
./images_OneRoad1_2/ScreenShot0060.jpg 37.921260 -44.013904 4.500000 0.579228 0.579228 0.405580 0.405580 
./images_OneRoad1_2/ScreenShot0061.jpg 38.198030 -44.383908 4.500000 0.579228 0.579228 0.405580 0.405580 
./images_OneRoad1_2/ScreenShot0062.jpg 38.474969 -44.754152 4.500000 0.579228 0.579228 0.405580 0.405580 
./images_OneRoad1_2/ScreenShot0063.jpg 38.751567 -45.123927 4.500000 0.579228 0.579228 0.405580 0.405580 
./images_OneRoad1_2/ScreenShot0064.jpg 39.028383 -45.493999 4.500000 0.579228 0.579228 0.405580 0.405580 
./images_OneRoad1_2/ScreenShot0065.jpg 39.305327 -45.864240 4.500000 0.579228 0.579228 0.405580 0.405580 
./images_OneRoad1_2/ScreenShot0066.jpg 39.582173 -46.234351 4.500000 0.579228 0.579228 0.405580 0.405580 
./images_OneRoad1_2/ScreenShot0067.jpg 39.859064 -46.604525 4.500000 0.579228 0.579228 0.405580 0.405580 
./images_OneRoad1_2/ScreenShot0068.jpg 40.135863 -46.974571 4.500000 0.579228 0.579228 0.405580 0.405580 
./images_OneRoad1_2/ScreenShot0069.jpg 40.412599 -47.344537 4.500000 0.579228 0.579228 0.405580 0.405580 
./images_OneRoad1_2/ScreenShot0070.jpg 40.690615 -47.716212 4.500000 0.579228 0.579228 0.405580 0.405580 
./images_OneRoad1_2/ScreenShot0071.jpg 40.967294 -48.086101 4.500000 0.579228 0.579228 0.405580 0.405580 
./images_OneRoad1_2/ScreenShot0072.jpg 41.243269 -48.455046 4.500000 0.579228 0.579228 0.405580 0.405580 
./images_OneRoad1_2/ScreenShot0073.jpg 41.520012 -48.825023 4.500000 0.579228 0.579228 0.405580 0.405580 
./images_OneRoad1_2/ScreenShot0074.jpg 41.796749 -49.194985 4.500000 0.579228 0.579228 0.405580 0.405580 
./images_OneRoad1_2/ScreenShot0075.jpg 42.073744 -49.565300 4.500000 0.579228 0.579228 0.405580 0.405580 
./images_OneRoad1_2/ScreenShot0076.jpg 42.350766 -49.935641 4.500000 0.579228 0.579228 0.405580 0.405580 
./images_OneRoad1_2/ScreenShot0077.jpg 42.627487 -50.305593 4.500000 0.579228 0.579228 0.405580 0.405580 
./images_OneRoad1_2/ScreenShot0078.jpg 42.904383 -50.675769 4.500000 0.579228 0.579228 0.405580 0.405580 
./images_OneRoad1_2/ScreenShot0079.jpg 43.181238 -51.045890 4.500000 0.579228 0.579228 0.405580 0.405580 
./images_OneRoad1_2/ScreenShot0080.jpg 43.458562 -51.416642 4.500000 0.579228 0.579228 0.405580 0.405580 
./images_OneRoad1_2/ScreenShot0081.jpg 43.734670 -51.785767 4.500000 0.579228 0.579228 0.405580 0.405580 
./images_OneRoad1_2/ScreenShot0082.jpg 44.011700 -52.156123 4.500000 0.579228 0.579228 0.405580 0.405580 
./images_OneRoad1_2/ScreenShot0083.jpg 44.288599 -52.526306 4.500000 0.579228 0.579228 0.405580 0.405580 
./images_OneRoad1_2/ScreenShot0084.jpg 44.565268 -52.896179 4.500000 0.579228 0.579228 0.405580 0.405580 
./images_OneRoad1_2/ScreenShot0085.jpg 44.842260 -53.266487 4.500000 0.579228 0.579228 0.405580 0.405580 
./images_OneRoad1_2/ScreenShot0086.jpg 45.395816 -54.006526 4.500000 0.579228 0.579228 0.405580 0.405580 
./images_OneRoad1_2/ScreenShot0087.jpg 45.672767 -54.376777 4.500000 0.579228 0.579228 0.405580 0.405580 
./images_OneRoad1_2/ScreenShot0088.jpg 45.949428 -54.746644 4.500000 0.579228 0.579228 0.405580 0.405580 
./images_OneRoad1_2/ScreenShot0089.jpg 46.226257 -55.116732 4.500000 0.579228 0.579228 0.405580 0.405580 
./images_OneRoad1_2/ScreenShot0090.jpg 46.503083 -55.486816 4.500000 0.579228 0.579228 0.405580 0.405580 
./images_OneRoad1_2/ScreenShot0091.jpg 46.780450 -55.857624 4.500000 0.579228 0.579228 0.405580 0.405580 
./images_OneRoad1_2/ScreenShot0092.jpg 47.056752 -56.227008 4.500000 0.579228 0.579228 0.405580 0.405580 
