./images_OneRoad2_1/ScreenShot0001.jpg 15.215829 -22.582414 4.500000 0.500000 0.500000 0.500000 0.500000 
./images_OneRoad2_1/ScreenShot0002.jpg 15.479914 -22.978431 4.500000 0.500000 0.500000 0.500000 0.500000 
./images_OneRoad2_1/ScreenShot0003.jpg 15.745956 -23.377381 4.500000 0.500000 0.500000 0.500000 0.500000 
./images_OneRoad2_1/ScreenShot0004.jpg 16.011792 -23.776022 4.500000 0.500000 0.500000 0.500000 0.500000 
./images_OneRoad2_1/ScreenShot0005.jpg 16.277771 -24.174877 4.500000 0.500000 0.500000 0.500000 0.500000 
./images_OneRoad2_1/ScreenShot0006.jpg 16.543431 -24.573257 4.500000 0.500000 0.500000 0.500000 0.500000 
./images_OneRoad2_1/ScreenShot0007.jpg 16.810149 -24.973221 4.500000 0.500000 0.500000 0.500000 0.500000 
./images_OneRoad2_1/ScreenShot0008.jpg 17.075988 -25.371865 4.500000 0.500000 0.500000 0.500000 0.500000 
./images_OneRoad2_1/ScreenShot0009.jpg 17.341915 -25.770646 4.500000 0.500000 0.500000 0.500000 0.500000 
./images_OneRoad2_1/ScreenShot0010.jpg 17.608072 -26.169768 4.500000 0.500000 0.500000 0.500000 0.500000 
./images_OneRoad2_1/ScreenShot0011.jpg 17.873798 -26.568244 4.500000 0.500000 0.500000 0.500000 0.500000 
./images_OneRoad2_1/ScreenShot0012.jpg 18.140135 -26.967639 4.500000 0.500000 0.500000 0.500000 0.500000 
./images_OneRoad2_1/ScreenShot0013.jpg 18.406297 -27.366767 4.500000 0.500000 0.500000 0.500000 0.500000 
./images_OneRoad2_1/ScreenShot0014.jpg 18.672314 -27.765681 4.500000 0.500000 0.500000 0.500000 0.500000 
./images_OneRoad2_1/ScreenShot0015.jpg 18.938172 -28.164356 4.500000 0.500000 0.500000 0.500000 0.500000 
./images_OneRoad2_1/ScreenShot0016.jpg 19.204230 -28.563331 4.500000 0.500000 0.500000 0.500000 0.500000 
./images_OneRoad2_1/ScreenShot0017.jpg 19.470282 -28.962295 4.500000 0.500000 0.500000 0.500000 0.500000 
./images_OneRoad2_1/ScreenShot0018.jpg 19.736361 -29.361301 4.500000 0.500000 0.500000 0.500000 0.500000 
./images_OneRoad2_1/ScreenShot0019.jpg 20.002273 -29.760058 4.500000 0.500000 0.500000 0.500000 0.500000 
./images_OneRoad2_1/ScreenShot0020.jpg 20.268421 -30.159168 4.500000 0.500000 0.500000 0.500000 0.500000 
./images_OneRoad2_1/ScreenShot0021.jpg 20.534310 -30.557889 4.500000 0.500000 0.500000 0.500000 0.500000 
./images_OneRoad2_1/ScreenShot0022.jpg 20.800356 -30.956846 4.500000 0.500000 0.500000 0.500000 0.500000 
./images_OneRoad2_1/ScreenShot0023.jpg 21.066334 -31.355701 4.500000 0.500000 0.500000 0.500000 0.500000 
./images_OneRoad2_1/ScreenShot0024.jpg 21.332581 -31.754957 4.500000 0.500000 0.500000 0.500000 0.500000 
./images_OneRoad2_1/ScreenShot0025.jpg 21.598494 -32.153716 4.500000 0.500000 0.500000 0.500000 0.500000 
./images_OneRoad2_1/ScreenShot0026.jpg 21.864376 -32.552425 4.500000 0.500000 0.500000 0.500000 0.500000 
./images_OneRoad2_1/ScreenShot0027.jpg 22.130686 -32.951781 4.500000 0.500000 0.500000 0.500000 0.500000 
./images_OneRoad2_1/ScreenShot0028.jpg 22.396521 -33.350417 4.500000 0.500000 0.500000 0.500000 0.500000 
./images_OneRoad2_1/ScreenShot0029.jpg 22.662583 -33.749397 4.500000 0.500000 0.500000 0.500000 0.500000 
./images_OneRoad2_1/ScreenShot0030.jpg 22.928597 -34.148310 4.500000 0.500000 0.500000 0.500000 0.500000 
./images_OneRoad2_1/ScreenShot0031.jpg 23.194702 -34.547352 4.500000 0.500000 0.500000 0.500000 0.500000 
./images_OneRoad2_1/ScreenShot0032.jpg 23.460675 -34.946199 4.500000 0.500000 0.500000 0.500000 0.500000 
./images_OneRoad2_1/ScreenShot0033.jpg 23.726749 -35.345198 4.500000 0.500000 0.500000 0.500000 0.500000 
./images_OneRoad2_1/ScreenShot0034.jpg 23.992794 -35.744153 4.500000 0.500000 0.500000 0.500000 0.500000 
./images_OneRoad2_1/ScreenShot0035.jpg 24.259210 -36.143665 4.500000 0.500000 0.500000 0.500000 0.500000 
./images_OneRoad2_1/ScreenShot0036.jpg 24.524974 -36.542199 4.500000 0.500000 0.500000 0.500000 0.500000 
./images_OneRoad2_1/ScreenShot0037.jpg 24.790842 -36.940886 4.500000 0.500000 0.500000 0.500000 0.500000 
./images_OneRoad2_1/ScreenShot0038.jpg 25.056928 -37.339903 4.500000 0.500000 0.500000 0.500000 0.500000 
./images_OneRoad2_1/ScreenShot0039.jpg 25.323223 -37.739236 4.500000 0.500000 0.500000 0.500000 0.500000 
./images_OneRoad2_1/ScreenShot0040.jpg 25.588951 -38.137716 4.500000 0.500000 0.500000 0.500000 0.500000 
./images_OneRoad2_1/ScreenShot0041.jpg 25.854529 -38.535967 4.500000 0.500000 0.500000 0.500000 0.500000 
./images_OneRoad2_1/ScreenShot0042.jpg 26.120975 -38.935525 4.500000 0.500000 0.500000 0.500000 0.500000 
./images_OneRoad2_1/ScreenShot0043.jpg 26.386985 -39.334428 4.500000 0.500000 0.500000 0.500000 0.500000 
./images_OneRoad2_1/ScreenShot0044.jpg 26.652710 -39.732906 4.500000 0.500000 0.500000 0.500000 0.500000 
./images_OneRoad2_1/ScreenShot0045.jpg 26.919086 -40.132355 4.500000 0.500000 0.500000 0.500000 0.500000 
./images_OneRoad2_1/ScreenShot0046.jpg 27.185127 -40.531308 4.500000 0.500000 0.500000 0.500000 0.500000 
./images_OneRoad2_1/ScreenShot0047.jpg 27.451517 -40.930777 4.500000 0.500000 0.500000 0.500000 0.500000 
./images_OneRoad2_1/ScreenShot0048.jpg 27.717373 -41.329449 4.500000 0.500000 0.500000 0.500000 0.500000 
./images_OneRoad2_1/ScreenShot0049.jpg 27.983348 -41.728302 4.500000 0.500000 0.500000 0.500000 0.500000 
./images_OneRoad2_1/ScreenShot0050.jpg 28.249471 -42.127371 4.500000 0.500000 0.500000 0.500000 0.500000 
./images_OneRoad2_1/ScreenShot0051.jpg 28.515891 -42.526887 4.500000 0.500000 0.500000 0.500000 0.500000 
./images_OneRoad2_1/ScreenShot0052.jpg 28.781585 -42.925319 4.500000 0.500000 0.500000 0.500000 0.500000 
./images_OneRoad2_1/ScreenShot0053.jpg 29.047339 -43.323836 4.500000 0.500000 0.500000 0.500000 0.500000 
./images_OneRoad2_1/ScreenShot0054.jpg 29.313491 -43.722950 4.500000 0.500000 0.500000 0.500000 0.500000 
./images_OneRoad2_1/ScreenShot0055.jpg 29.579533 -44.121902 4.500000 0.500000 0.500000 0.500000 0.500000 
./images_OneRoad2_1/ScreenShot0056.jpg 29.845677 -44.521004 4.500000 0.500000 0.500000 0.500000 0.500000 
./images_OneRoad2_1/ScreenShot0057.jpg 30.111851 -44.920153 4.500000 0.500000 0.500000 0.500000 0.500000 
./images_OneRoad2_1/ScreenShot0058.jpg 30.377698 -45.318814 4.500000 0.500000 0.500000 0.500000 0.500000 
./images_OneRoad2_1/ScreenShot0059.jpg 30.643689 -45.717689 4.500000 0.500000 0.500000 0.500000 0.500000 
./images_OneRoad2_1/ScreenShot0060.jpg 30.909713 -46.116607 4.500000 0.500000 0.500000 0.500000 0.500000 
./images_OneRoad2_1/ScreenShot0061.jpg 31.175596 -46.515322 4.500000 0.500000 0.500000 0.500000 0.500000 
./images_OneRoad2_1/ScreenShot0062.jpg 31.441756 -46.914452 4.500000 0.500000 0.500000 0.500000 0.500000 
./images_OneRoad2_1/ScreenShot0063.jpg 31.708209 -47.314017 4.500000 0.500000 0.500000 0.500000 0.500000 
./images_OneRoad2_1/ScreenShot0064.jpg 31.973887 -47.712425 4.500000 0.500000 0.500000 0.500000 0.500000 
./images_OneRoad2_1/ScreenShot0065.jpg 32.239773 -48.111138 4.500000 0.500000 0.500000 0.500000 0.500000 
./images_OneRoad2_1/ScreenShot0066.jpg 32.506121 -48.510549 4.500000 0.500000 0.500000 0.500000 0.500000 
./images_OneRoad2_1/ScreenShot0067.jpg 32.771872 -48.909062 4.500000 0.500000 0.500000 0.500000 0.500000 
./images_OneRoad2_1/ScreenShot0068.jpg 33.038003 -49.308145 4.500000 0.500000 0.500000 0.500000 0.500000 
./images_OneRoad2_1/ScreenShot0069.jpg 33.303452 -49.706210 4.500000 0.500000 0.500000 0.500000 0.500000 
./images_OneRoad2_1/ScreenShot0070.jpg 33.569932 -50.105813 4.500000 0.500000 0.500000 0.500000 0.500000 
./images_OneRoad2_1/ScreenShot0071.jpg 33.835921 -50.504688 4.500000 0.500000 0.500000 0.500000 0.500000 
./images_OneRoad2_1/ScreenShot0072.jpg 34.101965 -50.903637 4.500000 0.500000 0.500000 0.500000 0.500000 
./images_OneRoad2_1/ScreenShot0073.jpg 34.368090 -51.302717 4.500000 0.500000 0.500000 0.500000 0.500000 
./images_OneRoad2_1/ScreenShot0074.jpg 34.634442 -51.702130 4.500000 0.500000 0.500000 0.500000 0.500000 
./images_OneRoad2_1/ScreenShot0075.jpg 34.900143 -52.100569 4.500000 0.500000 0.500000 0.500000 0.500000 
./images_OneRoad2_1/ScreenShot0076.jpg 35.166315 -52.499715 4.500000 0.500000 0.500000 0.500000 0.500000 
./images_OneRoad2_1/ScreenShot0077.jpg 35.432462 -52.898822 4.500000 0.500000 0.500000 0.500000 0.500000 
./images_OneRoad2_1/ScreenShot0078.jpg 35.698522 -53.297804 4.500000 0.500000 0.500000 0.500000 0.500000 
./images_OneRoad2_1/ScreenShot0079.jpg 35.964852 -53.697184 4.500000 0.500000 0.500000 0.500000 0.500000 
./images_OneRoad2_1/ScreenShot0080.jpg 36.230683 -54.095818 4.500000 0.500000 0.500000 0.500000 0.500000 
./images_OneRoad2_1/ScreenShot0081.jpg 36.496504 -54.494437 4.500000 0.500000 0.500000 0.500000 0.500000 
./images_OneRoad2_1/ScreenShot0082.jpg 36.762491 -54.893304 4.500000 0.500000 0.500000 0.500000 0.500000 
./images_OneRoad2_1/ScreenShot0083.jpg 37.028491 -55.292191 4.500000 0.500000 0.500000 0.500000 0.500000 
./images_OneRoad2_1/ScreenShot0084.jpg 37.295323 -55.692327 4.500000 0.500000 0.500000 0.500000 0.500000 
./images_OneRoad2_1/ScreenShot0085.jpg 37.560721 -56.090314 4.500000 0.500000 0.500000 0.500000 0.500000 
./images_OneRoad2_1/ScreenShot0086.jpg 37.826638 -56.489077 4.500000 0.500000 0.500000 0.500000 0.500000 
./images_OneRoad2_1/ScreenShot0087.jpg 38.092579 -56.887876 4.500000 0.500000 0.500000 0.500000 0.500000 
./images_OneRoad2_1/ScreenShot0088.jpg 38.358641 -57.286855 4.500000 0.500000 0.500000 0.500000 0.500000 
./images_OneRoad2_1/ScreenShot0089.jpg 38.624634 -57.685731 4.500000 0.500000 0.500000 0.500000 0.500000 
./images_OneRoad2_1/ScreenShot0090.jpg 38.890666 -58.084671 4.500000 0.500000 0.500000 0.500000 0.500000 
./images_OneRoad2_1/ScreenShot0091.jpg 39.157043 -58.484119 4.500000 0.500000 0.500000 0.500000 0.500000 
./images_OneRoad2_1/ScreenShot0092.jpg 39.423208 -58.883258 4.500000 0.500000 0.500000 0.500000 0.500000 
./images_OneRoad2_1/ScreenShot0093.jpg 39.688801 -59.281533 4.500000 0.500000 0.500000 0.500000 0.500000 
./images_OneRoad2_1/ScreenShot0094.jpg 39.954761 -59.680361 4.500000 0.500000 0.500000 0.500000 0.500000 
./images_OneRoad2_1/ScreenShot0095.jpg 40.220704 -60.079163 4.500000 0.500000 0.500000 0.500000 0.500000 
./images_OneRoad2_1/ScreenShot0096.jpg 40.486938 -60.478401 4.500000 0.500000 0.500000 0.500000 0.500000 
./images_OneRoad2_1/ScreenShot0097.jpg 14.151669 -20.986622 4.500000 0.500000 0.500000 0.500000 0.500000 
