./images_MainRoad1_3/ScreenShot0001.jpg 61.172889 -76.785955 4.500000 0.732963 0.303603 0.232963 0.562422 
./images_MainRoad1_3/ScreenShot0002.jpg 59.793313 -77.688099 4.500000 0.732963 0.303603 0.232963 0.562422 
./images_MainRoad1_3/ScreenShot0003.jpg 59.332928 -77.989159 4.500000 0.732963 0.303603 0.232963 0.562422 
./images_MainRoad1_3/ScreenShot0004.jpg 58.873089 -78.289855 4.500000 0.732963 0.303603 0.232963 0.562422 
./images_MainRoad1_3/ScreenShot0005.jpg 58.412610 -78.590975 4.500000 0.732963 0.303603 0.232963 0.562422 
./images_MainRoad1_3/ScreenShot0006.jpg 57.951812 -78.892304 4.500000 0.732963 0.303603 0.232963 0.562422 
./images_MainRoad1_3/ScreenShot0007.jpg 57.492365 -79.192750 4.500000 0.732963 0.303603 0.232963 0.562422 
./images_MainRoad1_3/ScreenShot0008.jpg 57.031328 -79.494235 4.500000 0.732963 0.303603 0.232963 0.562422 
./images_MainRoad1_3/ScreenShot0009.jpg 56.571468 -79.794952 4.500000 0.732963 0.303603 0.232963 0.562422 
./images_MainRoad1_3/ScreenShot0010.jpg 56.110392 -80.096462 4.500000 0.732963 0.303603 0.232963 0.562422 
./images_MainRoad1_3/ScreenShot0011.jpg 55.650215 -80.397386 4.500000 0.732963 0.303603 0.232963 0.562422 
./images_MainRoad1_3/ScreenShot0012.jpg 55.190191 -80.698208 4.500000 0.732963 0.303603 0.232963 0.562422 
./images_MainRoad1_3/ScreenShot0013.jpg 54.729774 -80.999284 4.500000 0.732963 0.303603 0.232963 0.562422 
./images_MainRoad1_3/ScreenShot0014.jpg 54.269972 -81.299960 4.500000 0.732963 0.303603 0.232963 0.562422 
./images_MainRoad1_3/ScreenShot0015.jpg 53.809639 -81.600986 4.500000 0.732963 0.303603 0.232963 0.562422 
./images_MainRoad1_3/ScreenShot0016.jpg 53.349095 -81.902148 4.500000 0.732963 0.303603 0.232963 0.562422 
./images_MainRoad1_3/ScreenShot0017.jpg 52.887887 -82.203744 4.500000 0.732963 0.303603 0.232963 0.562422 
./images_MainRoad1_3/ScreenShot0018.jpg 52.428665 -82.504044 4.500000 0.732963 0.303603 0.232963 0.562422 
./images_MainRoad1_3/ScreenShot0019.jpg 51.968843 -82.804734 4.500000 0.732963 0.303603 0.232963 0.562422 
./images_MainRoad1_3/ScreenShot0020.jpg 51.508056 -83.106058 4.500000 0.732963 0.303603 0.232963 0.562422 
./images_MainRoad1_3/ScreenShot0021.jpg 51.047679 -83.407111 4.500000 0.732963 0.303603 0.232963 0.562422 
./images_MainRoad1_3/ScreenShot0022.jpg 50.587615 -83.707955 4.500000 0.732963 0.303603 0.232963 0.562422 
./images_MainRoad1_3/ScreenShot0023.jpg 50.127036 -84.009139 4.500000 0.732963 0.303603 0.232963 0.562422 
./images_MainRoad1_3/ScreenShot0024.jpg 49.667752 -84.309479 4.500000 0.732963 0.303603 0.232963 0.562422 
./images_MainRoad1_3/ScreenShot0025.jpg 49.206599 -84.611040 4.500000 0.732963 0.303603 0.232963 0.562422 
./images_MainRoad1_3/ScreenShot0026.jpg 48.745077 -84.912843 4.500000 0.732963 0.303603 0.232963 0.562422 
./images_MainRoad1_3/ScreenShot0027.jpg 48.284470 -85.214047 4.500000 0.732963 0.303603 0.232963 0.562422 
./images_MainRoad1_3/ScreenShot0028.jpg 47.824449 -85.514867 4.500000 0.732963 0.303603 0.232963 0.562422 
./images_MainRoad1_3/ScreenShot0029.jpg 47.364895 -85.815384 4.500000 0.732963 0.303603 0.232963 0.562422 
./images_MainRoad1_3/ScreenShot0030.jpg 46.904732 -86.116297 4.500000 0.732963 0.303603 0.232963 0.562422 
./images_MainRoad1_3/ScreenShot0031.jpg 46.444111 -86.417506 4.500000 0.732963 0.303603 0.232963 0.562422 
./images_MainRoad1_3/ScreenShot0032.jpg 45.983952 -86.718415 4.500000 0.732963 0.303603 0.232963 0.562422 
./images_MainRoad1_3/ScreenShot0033.jpg 45.523478 -87.019533 4.500000 0.732963 0.303603 0.232963 0.562422 
./images_MainRoad1_3/ScreenShot0034.jpg 45.063035 -87.320630 4.500000 0.732963 0.303603 0.232963 0.562422 
./images_MainRoad1_3/ScreenShot0035.jpg 44.603257 -87.621291 4.500000 0.732963 0.303603 0.232963 0.562422 
./images_MainRoad1_3/ScreenShot0036.jpg 44.142709 -87.922457 4.500000 0.732963 0.303603 0.232963 0.562422 
./images_MainRoad1_3/ScreenShot0037.jpg 43.682425 -88.223452 4.500000 0.732963 0.303603 0.232963 0.562422 
./images_MainRoad1_3/ScreenShot0038.jpg 43.221045 -88.525161 4.500000 0.732963 0.303603 0.232963 0.562422 
./images_MainRoad1_3/ScreenShot0039.jpg 42.759989 -88.826658 4.500000 0.732963 0.303603 0.232963 0.562422 
./images_MainRoad1_3/ScreenShot0040.jpg 42.301246 -89.126638 4.500000 0.732963 0.303603 0.232963 0.562422 
./images_MainRoad1_3/ScreenShot0041.jpg 41.841190 -89.427482 4.500000 0.732963 0.303603 0.232963 0.562422 
./images_MainRoad1_3/ScreenShot0042.jpg 41.380237 -89.728912 4.500000 0.732963 0.303603 0.232963 0.562422 
./images_MainRoad1_3/ScreenShot0043.jpg 40.920177 -90.029758 4.500000 0.732963 0.303603 0.232963 0.562422 
./images_MainRoad1_3/ScreenShot0044.jpg 40.459641 -90.330917 4.500000 0.732963 0.303603 0.232963 0.562422 
./images_MainRoad1_3/ScreenShot0045.jpg 39.999142 -90.632052 4.500000 0.732963 0.303603 0.232963 0.562422 
./images_MainRoad1_3/ScreenShot0046.jpg 39.539703 -90.932492 4.500000 0.732963 0.303603 0.232963 0.562422 
./images_MainRoad1_3/ScreenShot0047.jpg 39.079220 -91.233613 4.500000 0.732963 0.303603 0.232963 0.562422 
./images_MainRoad1_3/ScreenShot0048.jpg 38.618702 -91.534761 4.500000 0.732963 0.303603 0.232963 0.562422 
./images_MainRoad1_3/ScreenShot0049.jpg 38.159034 -91.835344 4.500000 0.732963 0.303603 0.232963 0.562422 
./images_MainRoad1_3/ScreenShot0050.jpg 37.698189 -92.136704 4.500000 0.732963 0.303603 0.232963 0.562422 
./images_MainRoad1_3/ScreenShot0051.jpg 37.238367 -92.437394 4.500000 0.732963 0.303603 0.232963 0.562422 
./images_MainRoad1_3/ScreenShot0052.jpg 36.777182 -92.738977 4.500000 0.732963 0.303603 0.232963 0.562422 
./images_MainRoad1_3/ScreenShot0053.jpg 36.317421 -93.039628 4.500000 0.732963 0.303603 0.232963 0.562422 
./images_MainRoad1_3/ScreenShot0054.jpg 35.855665 -93.341583 4.500000 0.732963 0.303603 0.232963 0.562422 
./images_MainRoad1_3/ScreenShot0055.jpg 35.396350 -93.641943 4.500000 0.732963 0.303603 0.232963 0.562422 
./images_MainRoad1_3/ScreenShot0056.jpg 34.936367 -93.942741 4.500000 0.732963 0.303603 0.232963 0.562422 
./images_MainRoad1_3/ScreenShot0057.jpg 34.476269 -94.243614 4.500000 0.732963 0.303603 0.232963 0.562422 
./images_MainRoad1_3/ScreenShot0058.jpg 34.015943 -94.544627 4.500000 0.732963 0.303603 0.232963 0.562422 
./images_MainRoad1_3/ScreenShot0059.jpg 33.555092 -94.845988 4.500000 0.732963 0.303603 0.232963 0.562422 
./images_MainRoad1_3/ScreenShot0060.jpg 33.095085 -95.146803 4.500000 0.732963 0.303603 0.232963 0.562422 
./images_MainRoad1_3/ScreenShot0061.jpg 32.634263 -95.448146 4.500000 0.732963 0.303603 0.232963 0.562422 
./images_MainRoad1_3/ScreenShot0062.jpg 32.174300 -95.748927 4.500000 0.732963 0.303603 0.232963 0.562422 
./images_MainRoad1_3/ScreenShot0063.jpg 31.713329 -96.050371 4.500000 0.732963 0.303603 0.232963 0.562422 
./images_MainRoad1_3/ScreenShot0064.jpg 31.252898 -96.351460 4.500000 0.732963 0.303603 0.232963 0.562422 
./images_MainRoad1_3/ScreenShot0065.jpg 30.793013 -96.652192 4.500000 0.732963 0.303603 0.232963 0.562422 
./images_MainRoad1_3/ScreenShot0066.jpg 30.331088 -96.954259 4.500000 0.732963 0.303603 0.232963 0.562422 
./images_MainRoad1_3/ScreenShot0067.jpg 29.872576 -97.254088 4.500000 0.732963 0.303603 0.232963 0.562422 
./images_MainRoad1_3/ScreenShot0068.jpg 29.412779 -97.554761 4.500000 0.732963 0.303603 0.232963 0.562422 
./images_MainRoad1_3/ScreenShot0069.jpg 28.951793 -97.856215 4.500000 0.732963 0.303603 0.232963 0.562422 
./images_MainRoad1_3/ScreenShot0070.jpg 28.491876 -98.156966 4.500000 0.732963 0.303603 0.232963 0.562422 
./images_MainRoad1_3/ScreenShot0071.jpg 28.031325 -98.458135 4.500000 0.732963 0.303603 0.232963 0.562422 
./images_MainRoad1_3/ScreenShot0072.jpg 27.571216 -98.759012 4.500000 0.732963 0.303603 0.232963 0.562422 
./images_MainRoad1_3/ScreenShot0073.jpg 27.110969 -99.059981 4.500000 0.732963 0.303603 0.232963 0.562422 
./images_MainRoad1_3/ScreenShot0074.jpg 26.650259 -99.361254 4.500000 0.732963 0.303603 0.232963 0.562422 
./images_MainRoad1_3/ScreenShot0075.jpg 26.189858 -99.662322 4.500000 0.732963 0.303603 0.232963 0.562422 
./images_MainRoad1_3/ScreenShot0076.jpg 25.729980 -99.963052 4.500000 0.732963 0.303603 0.232963 0.562422 
./images_MainRoad1_3/ScreenShot0077.jpg 25.269704 -100.264033 4.500000 0.732963 0.303603 0.232963 0.562422 
./images_MainRoad1_3/ScreenShot0078.jpg 24.809652 -100.564874 4.500000 0.732963 0.303603 0.232963 0.562422 
./images_MainRoad1_3/ScreenShot0079.jpg 24.348959 -100.866133 4.500000 0.732963 0.303603 0.232963 0.562422 
./images_MainRoad1_3/ScreenShot0080.jpg 23.888759 -101.167072 4.500000 0.732963 0.303603 0.232963 0.562422 
./images_MainRoad1_3/ScreenShot0081.jpg 23.428283 -101.468190 4.500000 0.732963 0.303603 0.232963 0.562422 
./images_MainRoad1_3/ScreenShot0082.jpg 22.966885 -101.769913 4.500000 0.732963 0.303603 0.232963 0.562422 
./images_MainRoad1_3/ScreenShot0083.jpg 22.506591 -102.070912 4.500000 0.732963 0.303603 0.232963 0.562422 
./images_MainRoad1_3/ScreenShot0084.jpg 22.047211 -102.371313 4.500000 0.732963 0.303603 0.232963 0.562422 
./images_MainRoad1_3/ScreenShot0085.jpg 21.586966 -102.672282 4.500000 0.732963 0.303603 0.232963 0.562422 
./images_MainRoad1_3/ScreenShot0086.jpg 21.126622 -102.973308 4.500000 0.732963 0.303603 0.232963 0.562422 
./images_MainRoad1_3/ScreenShot0087.jpg 20.665083 -103.275123 4.500000 0.732963 0.303603 0.232963 0.562422 
./images_MainRoad1_3/ScreenShot0088.jpg 20.206110 -103.575257 4.500000 0.732963 0.303603 0.232963 0.562422 
./images_MainRoad1_3/ScreenShot0089.jpg 19.745767 -103.876288 4.500000 0.732963 0.303603 0.232963 0.562422 
./images_MainRoad1_3/ScreenShot0090.jpg 19.284825 -104.177711 4.500000 0.732963 0.303603 0.232963 0.562422 
./images_MainRoad1_3/ScreenShot0091.jpg 18.825095 -104.478343 4.500000 0.732963 0.303603 0.232963 0.562422 
./images_MainRoad1_3/ScreenShot0092.jpg 18.364965 -104.779234 4.500000 0.732963 0.303603 0.232963 0.562422 
./images_MainRoad1_3/ScreenShot0093.jpg 17.904526 -105.080330 4.500000 0.732963 0.303603 0.232963 0.562422 
./images_MainRoad1_3/ScreenShot0094.jpg 17.444156 -105.381379 4.500000 0.732963 0.303603 0.232963 0.562422 
./images_MainRoad1_3/ScreenShot0095.jpg 16.982782 -105.683081 4.500000 0.732963 0.303603 0.232963 0.562422 
./images_MainRoad1_3/ScreenShot0096.jpg 16.522847 -105.983846 4.500000 0.732963 0.303603 0.232963 0.562422 
./images_MainRoad1_3/ScreenShot0097.jpg 16.061587 -106.285474 4.500000 0.732963 0.303603 0.232963 0.562422 
./images_MainRoad1_3/ScreenShot0098.jpg 61.173369 -76.785641 4.500000 0.732963 0.303603 0.232963 0.562422 
./images_MainRoad1_3/ScreenShot0099.jpg 60.709923 -77.088702 4.500000 0.732963 0.303603 0.232963 0.562422 
./images_MainRoad1_3/ScreenShot0100.jpg 59.326325 -77.993475 4.500000 0.732963 0.303603 0.232963 0.562422 
