./images_MainRoad3_3/ScreenShot0001.jpg 79.408939 -50.902121 4.500000 0.719846 0.262003 0.219846 0.604023 
./images_MainRoad3_3/ScreenShot0002.jpg 78.090624 -51.767876 4.500000 0.719846 0.262003 0.219846 0.604023 
./images_MainRoad3_3/ScreenShot0003.jpg 75.430758 -53.514657 4.500000 0.719846 0.262003 0.219846 0.604023 
./images_MainRoad3_3/ScreenShot0004.jpg 74.104463 -54.385659 4.500000 0.719846 0.262003 0.219846 0.604023 
./images_MainRoad3_3/ScreenShot0005.jpg 72.776399 -55.257819 4.500000 0.719846 0.262003 0.219846 0.604023 
./images_MainRoad3_3/ScreenShot0006.jpg 71.447714 -56.130392 4.500000 0.719846 0.262003 0.219846 0.604023 
./images_MainRoad3_3/ScreenShot0007.jpg 70.117378 -57.004045 4.500000 0.719846 0.262003 0.219846 0.604023 
./images_MainRoad3_3/ScreenShot0008.jpg 68.788265 -57.876898 4.500000 0.719846 0.262003 0.219846 0.604023 
./images_MainRoad3_3/ScreenShot0009.jpg 67.458282 -58.750319 4.500000 0.719846 0.262003 0.219846 0.604023 
./images_MainRoad3_3/ScreenShot0010.jpg 66.123310 -59.627019 4.500000 0.719846 0.262003 0.219846 0.604023 
./images_MainRoad3_3/ScreenShot0011.jpg 64.797736 -60.497550 4.500000 0.719846 0.262003 0.219846 0.604023 
./images_MainRoad3_3/ScreenShot0012.jpg 63.470545 -61.369137 4.500000 0.719846 0.262003 0.219846 0.604023 
./images_MainRoad3_3/ScreenShot0013.jpg 62.140708 -62.242467 4.500000 0.719846 0.262003 0.219846 0.604023 
./images_MainRoad3_3/ScreenShot0014.jpg 60.808591 -63.117287 4.500000 0.719846 0.262003 0.219846 0.604023 
./images_MainRoad3_3/ScreenShot0015.jpg 58.149947 -64.863265 4.500000 0.719846 0.262003 0.219846 0.604023 
./images_MainRoad3_3/ScreenShot0016.jpg 56.813795 -65.740740 4.500000 0.719846 0.262003 0.219846 0.604023 
./images_MainRoad3_3/ScreenShot0017.jpg 55.488743 -66.610925 4.500000 0.719846 0.262003 0.219846 0.604023 
./images_MainRoad3_3/ScreenShot0018.jpg 54.162728 -67.481738 4.500000 0.719846 0.262003 0.219846 0.604023 
./images_MainRoad3_3/ScreenShot0019.jpg 52.826189 -68.359471 4.500000 0.719846 0.262003 0.219846 0.604023 
./images_MainRoad3_3/ScreenShot0020.jpg 51.501343 -69.229517 4.500000 0.719846 0.262003 0.219846 0.604023 
./images_MainRoad3_3/ScreenShot0021.jpg 50.171537 -70.102826 4.500000 0.719846 0.262003 0.219846 0.604023 
./images_MainRoad3_3/ScreenShot0022.jpg 48.843436 -70.975011 4.500000 0.719846 0.262003 0.219846 0.604023 
./images_MainRoad3_3/ScreenShot0023.jpg 47.516016 -71.846748 4.500000 0.719846 0.262003 0.219846 0.604023 
./images_MainRoad3_3/ScreenShot0024.jpg 46.181796 -72.722958 4.500000 0.719846 0.262003 0.219846 0.604023 
./images_MainRoad3_3/ScreenShot0025.jpg 44.855862 -73.593723 4.500000 0.719846 0.262003 0.219846 0.604023 
./images_MainRoad3_3/ScreenShot0026.jpg 43.524032 -74.468356 4.500000 0.719846 0.262003 0.219846 0.604023 
./images_MainRoad3_3/ScreenShot0027.jpg 42.190597 -75.344045 4.500000 0.719846 0.262003 0.219846 0.604023 
./images_MainRoad3_3/ScreenShot0028.jpg 40.864958 -76.214619 4.500000 0.719846 0.262003 0.219846 0.604023 
./images_MainRoad3_3/ScreenShot0029.jpg 39.538554 -77.085688 4.500000 0.719846 0.262003 0.219846 0.604023 
./images_MainRoad3_3/ScreenShot0030.jpg 36.880575 -78.831229 4.500000 0.719846 0.262003 0.219846 0.604023 
./images_MainRoad3_3/ScreenShot0031.jpg 35.550377 -79.704792 4.500000 0.719846 0.262003 0.219846 0.604023 
./images_MainRoad3_3/ScreenShot0032.jpg 34.213851 -80.582515 4.500000 0.719846 0.262003 0.219846 0.604023 
./images_MainRoad3_3/ScreenShot0033.jpg 32.889204 -81.452435 4.500000 0.719846 0.262003 0.219846 0.604023 
./images_MainRoad3_3/ScreenShot0034.jpg 31.555349 -82.328400 4.500000 0.719846 0.262003 0.219846 0.604023 
./images_MainRoad3_3/ScreenShot0035.jpg 30.232165 -83.197355 4.500000 0.719846 0.262003 0.219846 0.604023 
./images_MainRoad3_3/ScreenShot0036.jpg 28.901101 -84.071489 4.500000 0.719846 0.262003 0.219846 0.604023 
./images_MainRoad3_3/ScreenShot0037.jpg 22.245165 -88.442559 4.500000 0.719846 0.262003 0.219846 0.604023 
./images_MainRoad3_3/ScreenShot0038.jpg 20.922881 -89.310925 4.500000 0.719846 0.262003 0.219846 0.604023 
./images_MainRoad3_3/ScreenShot0039.jpg 19.594425 -90.183343 4.500000 0.719846 0.262003 0.219846 0.604023 
./images_MainRoad3_3/ScreenShot0040.jpg 18.264760 -91.056557 4.500000 0.719846 0.262003 0.219846 0.604023 
./images_MainRoad3_3/ScreenShot0041.jpg 16.935728 -91.929356 4.500000 0.719846 0.262003 0.219846 0.604023 
./images_MainRoad3_3/ScreenShot0042.jpg 15.607552 -92.801597 4.500000 0.719846 0.262003 0.219846 0.604023 
./images_MainRoad3_3/ScreenShot0043.jpg 14.276353 -93.675815 4.500000 0.719846 0.262003 0.219846 0.604023 
./images_MainRoad3_3/ScreenShot0044.jpg 12.948080 -94.548112 4.500000 0.719846 0.262003 0.219846 0.604023 
./images_MainRoad3_3/ScreenShot0045.jpg 11.618425 -95.421317 4.500000 0.719846 0.262003 0.219846 0.604023 
./images_MainRoad3_3/ScreenShot0046.jpg 10.286728 -96.295871 4.500000 0.719846 0.262003 0.219846 0.604023 
./images_MainRoad3_3/ScreenShot0047.jpg 8.958132 -97.168381 4.500000 0.719846 0.262003 0.219846 0.604023 
./images_MainRoad3_3/ScreenShot0048.jpg 7.630848 -98.040032 4.500000 0.719846 0.262003 0.219846 0.604023 
./images_MainRoad3_3/ScreenShot0049.jpg 6.301844 -98.912811 4.500000 0.719846 0.262003 0.219846 0.604023 
./images_MainRoad3_3/ScreenShot0050.jpg 4.971167 -99.786690 4.500000 0.719846 0.262003 0.219846 0.604023 
./images_MainRoad3_3/ScreenShot0051.jpg 3.641672 -100.659798 4.500000 0.719846 0.262003 0.219846 0.604023 
./images_MainRoad3_3/ScreenShot0052.jpg 2.313820 -101.531820 4.500000 0.719846 0.262003 0.219846 0.604023 
./images_MainRoad3_3/ScreenShot0053.jpg 0.982709 -102.405983 4.500000 0.719846 0.262003 0.219846 0.604023 
./images_MainRoad3_3/ScreenShot0054.jpg -0.346272 -103.278742 4.500000 0.719846 0.262003 0.219846 0.604023 
./images_MainRoad3_3/ScreenShot0055.jpg -1.676507 -104.152335 4.500000 0.719846 0.262003 0.219846 0.604023 
./images_MainRoad3_3/ScreenShot0056.jpg -3.005926 -105.025386 4.500000 0.719846 0.262003 0.219846 0.604023 
./images_MainRoad3_3/ScreenShot0057.jpg -4.334627 -105.897967 4.500000 0.719846 0.262003 0.219846 0.604023 
./images_MainRoad3_3/ScreenShot0058.jpg -5.664054 -106.771024 4.500000 0.719846 0.262003 0.219846 0.604023 
./images_MainRoad3_3/ScreenShot0059.jpg -5.670263 -106.775101 4.500000 0.719846 0.262003 0.219846 0.604023 
./images_MainRoad3_3/ScreenShot0060.jpg -5.670786 -106.775444 4.500000 0.719846 0.262003 0.219846 0.604023 
./images_MainRoad3_3/ScreenShot0061.jpg -5.671942 -106.776204 4.500000 0.719846 0.262003 0.219846 0.604023 
./images_MainRoad3_3/ScreenShot0062.jpg -5.673129 -106.776983 4.500000 0.719846 0.262003 0.219846 0.604023 
./images_MainRoad3_3/ScreenShot0063.jpg -24.286407 -119.000645 4.500000 0.719846 0.262003 0.219846 0.604023 
./images_MainRoad3_3/ScreenShot0064.jpg -25.607670 -119.868342 4.500000 0.719846 0.262003 0.219846 0.604023 
./images_MainRoad3_3/ScreenShot0065.jpg -26.937673 -120.741783 4.500000 0.719846 0.262003 0.219846 0.604023 
./images_MainRoad3_3/ScreenShot0066.jpg -28.267808 -121.615297 4.500000 0.719846 0.262003 0.219846 0.604023 
./images_MainRoad3_3/ScreenShot0067.jpg -29.599832 -122.490061 4.500000 0.719846 0.262003 0.219846 0.604023 
