./images_MainRoad2_2/ScreenShot0001.jpg 66.176972 -68.468945 4.500000 0.664463 0.241845 0.241845 0.664463 
./images_MainRoad2_2/ScreenShot0002.jpg 65.396108 -68.984954 4.500000 0.664463 0.241845 0.241845 0.664463 
./images_MainRoad2_2/ScreenShot0003.jpg 64.615814 -69.500588 4.500000 0.664463 0.241845 0.241845 0.664463 
./images_MainRoad2_2/ScreenShot0004.jpg 63.832553 -70.018176 4.500000 0.664463 0.241845 0.241845 0.664463 
./images_MainRoad2_2/ScreenShot0005.jpg 63.048469 -70.536313 4.500000 0.664463 0.241845 0.241845 0.664463 
./images_MainRoad2_2/ScreenShot0006.jpg 62.264123 -71.054625 4.500000 0.664463 0.241845 0.241845 0.664463 
./images_MainRoad2_2/ScreenShot0007.jpg 61.481272 -71.571948 4.500000 0.664463 0.241845 0.241845 0.664463 
./images_MainRoad2_2/ScreenShot0008.jpg 60.696832 -72.090322 4.500000 0.664463 0.241845 0.241845 0.664463 
./images_MainRoad2_2/ScreenShot0009.jpg 59.912214 -72.608809 4.500000 0.664463 0.241845 0.241845 0.664463 
./images_MainRoad2_2/ScreenShot0010.jpg 59.128323 -73.126819 4.500000 0.664463 0.241845 0.241845 0.664463 
./images_MainRoad2_2/ScreenShot0011.jpg 58.344928 -73.644502 4.500000 0.664463 0.241845 0.241845 0.664463 
./images_MainRoad2_2/ScreenShot0012.jpg 57.559970 -74.163216 4.500000 0.664463 0.241845 0.241845 0.664463 
./images_MainRoad2_2/ScreenShot0013.jpg 56.776107 -74.681208 4.500000 0.664463 0.241845 0.241845 0.664463 
./images_MainRoad2_2/ScreenShot0014.jpg 55.991235 -75.199860 4.500000 0.664463 0.241845 0.241845 0.664463 
./images_MainRoad2_2/ScreenShot0015.jpg 55.206783 -75.718242 4.500000 0.664463 0.241845 0.241845 0.664463 
./images_MainRoad2_2/ScreenShot0016.jpg 54.423194 -76.236052 4.500000 0.664463 0.241845 0.241845 0.664463 
./images_MainRoad2_2/ScreenShot0017.jpg 53.639127 -76.754179 4.500000 0.664463 0.241845 0.241845 0.664463 
./images_MainRoad2_2/ScreenShot0018.jpg 52.855216 -77.272200 4.500000 0.664463 0.241845 0.241845 0.664463 
./images_MainRoad2_2/ScreenShot0019.jpg 52.070831 -77.790536 4.500000 0.664463 0.241845 0.241845 0.664463 
./images_MainRoad2_2/ScreenShot0020.jpg 51.285954 -78.309197 4.500000 0.664463 0.241845 0.241845 0.664463 
./images_MainRoad2_2/ScreenShot0021.jpg 50.500983 -78.827921 4.500000 0.664463 0.241845 0.241845 0.664463 
./images_MainRoad2_2/ScreenShot0022.jpg 49.718322 -79.345112 4.500000 0.664463 0.241845 0.241845 0.664463 
./images_MainRoad2_2/ScreenShot0023.jpg 48.933758 -79.863567 4.500000 0.664463 0.241845 0.241845 0.664463 
./images_MainRoad2_2/ScreenShot0024.jpg 48.149853 -80.381588 4.500000 0.664463 0.241845 0.241845 0.664463 
./images_MainRoad2_2/ScreenShot0025.jpg 47.365317 -80.900024 4.500000 0.664463 0.241845 0.241845 0.664463 
./images_MainRoad2_2/ScreenShot0026.jpg 46.580633 -81.418559 4.500000 0.664463 0.241845 0.241845 0.664463 
./images_MainRoad2_2/ScreenShot0027.jpg 45.796889 -81.936469 4.500000 0.664463 0.241845 0.241845 0.664463 
./images_MainRoad2_2/ScreenShot0028.jpg 45.012514 -82.454797 4.500000 0.664463 0.241845 0.241845 0.664463 
./images_MainRoad2_2/ScreenShot0029.jpg 44.228530 -82.972869 4.500000 0.664463 0.241845 0.241845 0.664463 
./images_MainRoad2_2/ScreenShot0030.jpg 43.442950 -83.491991 4.500000 0.664463 0.241845 0.241845 0.664463 
./images_MainRoad2_2/ScreenShot0031.jpg 42.659135 -84.009955 4.500000 0.664463 0.241845 0.241845 0.664463 
./images_MainRoad2_2/ScreenShot0032.jpg 41.874915 -84.528178 4.500000 0.664463 0.241845 0.241845 0.664463 
./images_MainRoad2_2/ScreenShot0033.jpg 41.089561 -85.047156 4.500000 0.664463 0.241845 0.241845 0.664463 
./images_MainRoad2_2/ScreenShot0034.jpg 40.303065 -85.566884 4.500000 0.664463 0.241845 0.241845 0.664463 
./images_MainRoad2_2/ScreenShot0035.jpg 39.522927 -86.082418 4.500000 0.664463 0.241845 0.241845 0.664463 
./images_MainRoad2_2/ScreenShot0036.jpg 38.738409 -86.600839 4.500000 0.664463 0.241845 0.241845 0.664463 
./images_MainRoad2_2/ScreenShot0037.jpg 37.954599 -87.118796 4.500000 0.664463 0.241845 0.241845 0.664463 
./images_MainRoad2_2/ScreenShot0038.jpg 37.170691 -87.636818 4.500000 0.664463 0.241845 0.241845 0.664463 
./images_MainRoad2_2/ScreenShot0039.jpg 36.386622 -88.154944 4.500000 0.664463 0.241845 0.241845 0.664463 
./images_MainRoad2_2/ScreenShot0040.jpg 35.602004 -88.673435 4.500000 0.664463 0.241845 0.241845 0.664463 
./images_MainRoad2_2/ScreenShot0041.jpg 34.819328 -89.190636 4.500000 0.664463 0.241845 0.241845 0.664463 
./images_MainRoad2_2/ScreenShot0042.jpg 34.806291 -89.199253 4.500000 0.664463 0.241845 0.241845 0.664463 
./images_MainRoad2_2/ScreenShot0043.jpg 34.028419 -89.713284 4.500000 0.664463 0.241845 0.241845 0.664463 
./images_MainRoad2_2/ScreenShot0044.jpg 33.248880 -90.228416 4.500000 0.664463 0.241845 0.241845 0.664463 
./images_MainRoad2_2/ScreenShot0045.jpg 32.461275 -90.748882 4.500000 0.664463 0.241845 0.241845 0.664463 
./images_MainRoad2_2/ScreenShot0046.jpg 31.679864 -91.265251 4.500000 0.664463 0.241845 0.241845 0.664463 
./images_MainRoad2_2/ScreenShot0047.jpg 30.892627 -91.785473 4.500000 0.664463 0.241845 0.241845 0.664463 
./images_MainRoad2_2/ScreenShot0048.jpg 30.109090 -92.303249 4.500000 0.664463 0.241845 0.241845 0.664463 
./images_MainRoad2_2/ScreenShot0049.jpg 29.327996 -92.819405 4.500000 0.664463 0.241845 0.241845 0.664463 
./images_MainRoad2_2/ScreenShot0050.jpg 28.543283 -93.337965 4.500000 0.664463 0.241845 0.241845 0.664463 
./images_MainRoad2_2/ScreenShot0051.jpg 27.759543 -93.855868 4.500000 0.664463 0.241845 0.241845 0.664463 
./images_MainRoad2_2/ScreenShot0052.jpg 26.975117 -94.374231 4.500000 0.664463 0.241845 0.241845 0.664463 
./images_MainRoad2_2/ScreenShot0053.jpg 26.191302 -94.892190 4.500000 0.664463 0.241845 0.241845 0.664463 
./images_MainRoad2_2/ScreenShot0054.jpg 25.407100 -95.410407 4.500000 0.664463 0.241845 0.241845 0.664463 
./images_MainRoad2_2/ScreenShot0055.jpg 24.623264 -95.928380 4.500000 0.664463 0.241845 0.241845 0.664463 
./images_MainRoad2_2/ScreenShot0056.jpg 23.837598 -96.447563 4.500000 0.664463 0.241845 0.241845 0.664463 
./images_MainRoad2_2/ScreenShot0057.jpg 23.054050 -96.965345 4.500000 0.664463 0.241845 0.241845 0.664463 
./images_MainRoad2_2/ScreenShot0058.jpg 22.270330 -97.483237 4.500000 0.664463 0.241845 0.241845 0.664463 
./images_MainRoad2_2/ScreenShot0059.jpg 21.484568 -98.002490 4.500000 0.664463 0.241845 0.241845 0.664463 
./images_MainRoad2_2/ScreenShot0060.jpg 20.701386 -98.520023 4.500000 0.664463 0.241845 0.241845 0.664463 
./images_MainRoad2_2/ScreenShot0061.jpg 19.917935 -99.037743 4.500000 0.664463 0.241845 0.241845 0.664463 
./images_MainRoad2_2/ScreenShot0062.jpg 19.133099 -99.556378 4.500000 0.664463 0.241845 0.241845 0.664463 
./images_MainRoad2_2/ScreenShot0063.jpg 18.348922 -100.074578 4.500000 0.664463 0.241845 0.241845 0.664463 
./images_MainRoad2_2/ScreenShot0064.jpg 17.565175 -100.592492 4.500000 0.664463 0.241845 0.241845 0.664463 
./images_MainRoad2_2/ScreenShot0065.jpg 16.780860 -101.110782 4.500000 0.664463 0.241845 0.241845 0.664463 
./images_MainRoad2_2/ScreenShot0066.jpg 15.997005 -101.628770 4.500000 0.664463 0.241845 0.241845 0.664463 
./images_MainRoad2_2/ScreenShot0067.jpg 15.212282 -102.147321 4.500000 0.664463 0.241845 0.241845 0.664463 
./images_MainRoad2_2/ScreenShot0068.jpg 14.427966 -102.665617 4.500000 0.664463 0.241845 0.241845 0.664463 
./images_MainRoad2_2/ScreenShot0069.jpg 13.644103 -103.183604 4.500000 0.664463 0.241845 0.241845 0.664463 
./images_MainRoad2_2/ScreenShot0070.jpg 12.855297 -103.704864 4.500000 0.664463 0.241845 0.241845 0.664463 
./images_MainRoad2_2/ScreenShot0071.jpg 12.071534 -104.222784 4.500000 0.664463 0.241845 0.241845 0.664463 
./images_MainRoad2_2/ScreenShot0072.jpg 11.287575 -104.740840 4.500000 0.664463 0.241845 0.241845 0.664463 
./images_MainRoad2_2/ScreenShot0073.jpg 10.505890 -105.257393 4.500000 0.664463 0.241845 0.241845 0.664463 
./images_MainRoad2_2/ScreenShot0074.jpg 9.721728 -105.775583 4.500000 0.664463 0.241845 0.241845 0.664463 
./images_MainRoad2_2/ScreenShot0075.jpg 8.937319 -106.293936 4.500000 0.664463 0.241845 0.241845 0.664463 
./images_MainRoad2_2/ScreenShot0076.jpg 8.152847 -106.812323 4.500000 0.664463 0.241845 0.241845 0.664463 
./images_MainRoad2_2/ScreenShot0077.jpg 7.369456 -107.330006 4.500000 0.664463 0.241845 0.241845 0.664463 
./images_MainRoad2_2/ScreenShot0078.jpg 6.585745 -107.847894 4.500000 0.664463 0.241845 0.241845 0.664463 
./images_MainRoad2_2/ScreenShot0079.jpg 5.801337 -108.366246 4.500000 0.664463 0.241845 0.241845 0.664463 
./images_MainRoad2_2/ScreenShot0080.jpg 5.017692 -108.884089 4.500000 0.664463 0.241845 0.241845 0.664463 
./images_MainRoad2_2/ScreenShot0081.jpg 4.233147 -109.402530 4.500000 0.664463 0.241845 0.241845 0.664463 
./images_MainRoad2_2/ScreenShot0082.jpg 3.448873 -109.920796 4.500000 0.664463 0.241845 0.241845 0.664463 
./images_MainRoad2_2/ScreenShot0083.jpg 2.664520 -110.439112 4.500000 0.664463 0.241845 0.241845 0.664463 
./images_MainRoad2_2/ScreenShot0084.jpg 1.880518 -110.957195 4.500000 0.664463 0.241845 0.241845 0.664463 
./images_MainRoad2_2/ScreenShot0085.jpg 1.096801 -111.475084 4.500000 0.664463 0.241845 0.241845 0.664463 
./images_MainRoad2_2/ScreenShot0086.jpg 0.312288 -111.993512 4.500000 0.664463 0.241845 0.241845 0.664463 
./images_MainRoad2_2/ScreenShot0087.jpg -0.471541 -112.511471 4.500000 0.664463 0.241845 0.241845 0.664463 
./images_MainRoad2_2/ScreenShot0088.jpg -1.255739 -113.029689 4.500000 0.664463 0.241845 0.241845 0.664463 
