./images_MainRoad1_4/ScreenShot0001.jpg 59.334897 -77.987872 4.500000 0.706434 0.030844 0.030844 0.706434 
./images_MainRoad1_4/ScreenShot0002.jpg 58.873595 -78.289523 4.500000 0.706434 0.030844 0.030844 0.706434 
./images_MainRoad1_4/ScreenShot0003.jpg 58.413059 -78.590681 4.500000 0.706434 0.030844 0.030844 0.706434 
./images_MainRoad1_4/ScreenShot0004.jpg 57.952919 -78.891580 4.500000 0.706434 0.030844 0.030844 0.706434 
./images_MainRoad1_4/ScreenShot0005.jpg 57.492549 -79.192630 4.500000 0.706434 0.030844 0.030844 0.706434 
./images_MainRoad1_4/ScreenShot0006.jpg 57.032246 -79.493635 4.500000 0.706434 0.030844 0.030844 0.706434 
./images_MainRoad1_4/ScreenShot0007.jpg 56.571228 -79.795109 4.500000 0.706434 0.030844 0.030844 0.706434 
./images_MainRoad1_4/ScreenShot0008.jpg 56.111372 -80.095822 4.500000 0.706434 0.030844 0.030844 0.706434 
./images_MainRoad1_4/ScreenShot0009.jpg 55.651301 -80.396676 4.500000 0.706434 0.030844 0.030844 0.706434 
./images_MainRoad1_4/ScreenShot0010.jpg 55.191136 -80.697591 4.500000 0.706434 0.030844 0.030844 0.706434 
./images_MainRoad1_4/ScreenShot0011.jpg 54.730718 -80.998666 4.500000 0.706434 0.030844 0.030844 0.706434 
./images_MainRoad1_4/ScreenShot0012.jpg 54.269546 -81.300238 4.500000 0.706434 0.030844 0.030844 0.706434 
./images_MainRoad1_4/ScreenShot0013.jpg 53.810128 -81.600666 4.500000 0.706434 0.030844 0.030844 0.706434 
./images_MainRoad1_4/ScreenShot0014.jpg 53.349724 -81.901737 4.500000 0.706434 0.030844 0.030844 0.706434 
./images_MainRoad1_4/ScreenShot0015.jpg 52.960935 -82.155976 4.500000 0.706434 0.030844 0.030844 0.706434 
./images_MainRoad1_4/ScreenShot0016.jpg 52.429305 -82.503626 4.500000 0.706434 0.030844 0.030844 0.706434 
./images_MainRoad1_4/ScreenShot0017.jpg 51.968303 -82.805088 4.500000 0.706434 0.030844 0.030844 0.706434 
./images_MainRoad1_4/ScreenShot0018.jpg 51.508150 -83.105996 4.500000 0.706434 0.030844 0.030844 0.706434 
./images_MainRoad1_4/ScreenShot0019.jpg 51.047601 -83.407162 4.500000 0.706434 0.030844 0.030844 0.706434 
./images_MainRoad1_4/ScreenShot0020.jpg 50.587755 -83.707863 4.500000 0.706434 0.030844 0.030844 0.706434 
./images_MainRoad1_4/ScreenShot0021.jpg 50.126843 -84.009265 4.500000 0.706434 0.030844 0.030844 0.706434 
./images_MainRoad1_4/ScreenShot0022.jpg 49.667038 -84.309946 4.500000 0.706434 0.030844 0.030844 0.706434 
./images_MainRoad1_4/ScreenShot0023.jpg 49.206839 -84.610882 4.500000 0.706434 0.030844 0.030844 0.706434 
./images_MainRoad1_4/ScreenShot0024.jpg 48.746474 -84.911930 4.500000 0.706434 0.030844 0.030844 0.706434 
./images_MainRoad1_4/ScreenShot0025.jpg 48.286041 -85.213020 4.500000 0.706434 0.030844 0.030844 0.706434 
./images_MainRoad1_4/ScreenShot0026.jpg 48.253996 -85.233973 4.500000 0.706434 0.030844 0.030844 0.706434 
./images_MainRoad1_4/ScreenShot0027.jpg 47.818687 -85.518635 4.500000 0.706434 0.030844 0.030844 0.706434 
./images_MainRoad1_4/ScreenShot0028.jpg 47.361544 -85.817575 4.500000 0.706434 0.030844 0.030844 0.706434 
./images_MainRoad1_4/ScreenShot0029.jpg 46.904770 -86.116273 4.500000 0.706434 0.030844 0.030844 0.706434 
./images_MainRoad1_4/ScreenShot0030.jpg 46.444713 -86.417112 4.500000 0.706434 0.030844 0.030844 0.706434 
./images_MainRoad1_4/ScreenShot0031.jpg 45.984491 -86.718062 4.500000 0.706434 0.030844 0.030844 0.706434 
./images_MainRoad1_4/ScreenShot0032.jpg 45.524025 -87.019176 4.500000 0.706434 0.030844 0.030844 0.706434 
./images_MainRoad1_4/ScreenShot0033.jpg 45.063825 -87.320113 4.500000 0.706434 0.030844 0.030844 0.706434 
./images_MainRoad1_4/ScreenShot0034.jpg 44.603094 -87.621397 4.500000 0.706434 0.030844 0.030844 0.706434 
./images_MainRoad1_4/ScreenShot0035.jpg 44.142998 -87.922268 4.500000 0.706434 0.030844 0.030844 0.706434 
./images_MainRoad1_4/ScreenShot0036.jpg 43.682947 -88.223110 4.500000 0.706434 0.030844 0.030844 0.706434 
./images_MainRoad1_4/ScreenShot0037.jpg 43.222372 -88.524293 4.500000 0.706434 0.030844 0.030844 0.706434 
./images_MainRoad1_4/ScreenShot0038.jpg 42.762168 -88.825233 4.500000 0.706434 0.030844 0.030844 0.706434 
./images_MainRoad1_4/ScreenShot0039.jpg 42.301779 -89.126289 4.500000 0.706434 0.030844 0.030844 0.706434 
./images_MainRoad1_4/ScreenShot0040.jpg 41.840336 -89.428040 4.500000 0.706434 0.030844 0.030844 0.706434 
./images_MainRoad1_4/ScreenShot0041.jpg 41.380794 -89.728548 4.500000 0.706434 0.030844 0.030844 0.706434 
./images_MainRoad1_4/ScreenShot0042.jpg 40.921020 -90.029206 4.500000 0.706434 0.030844 0.030844 0.706434 
./images_MainRoad1_4/ScreenShot0043.jpg 40.460237 -90.330527 4.500000 0.706434 0.030844 0.030844 0.706434 
./images_MainRoad1_4/ScreenShot0044.jpg 39.999855 -90.631585 4.500000 0.706434 0.030844 0.030844 0.706434 
./images_MainRoad1_4/ScreenShot0045.jpg 39.539756 -90.932457 4.500000 0.706434 0.030844 0.030844 0.706434 
./images_MainRoad1_4/ScreenShot0046.jpg 39.078320 -91.234202 4.500000 0.706434 0.030844 0.030844 0.706434 
./images_MainRoad1_4/ScreenShot0047.jpg 38.619161 -91.534461 4.500000 0.706434 0.030844 0.030844 0.706434 
./images_MainRoad1_4/ScreenShot0048.jpg 38.158479 -91.835707 4.500000 0.706434 0.030844 0.030844 0.706434 
./images_MainRoad1_4/ScreenShot0049.jpg 37.698531 -92.136481 4.500000 0.706434 0.030844 0.030844 0.706434 
./images_MainRoad1_4/ScreenShot0050.jpg 37.237998 -92.437635 4.500000 0.706434 0.030844 0.030844 0.706434 
./images_MainRoad1_4/ScreenShot0051.jpg 36.777953 -92.738473 4.500000 0.706434 0.030844 0.030844 0.706434 
./images_MainRoad1_4/ScreenShot0052.jpg 36.317603 -93.039509 4.500000 0.706434 0.030844 0.030844 0.706434 
./images_MainRoad1_4/ScreenShot0053.jpg 35.856912 -93.340767 4.500000 0.706434 0.030844 0.030844 0.706434 
./images_MainRoad1_4/ScreenShot0054.jpg 35.396754 -93.641679 4.500000 0.706434 0.030844 0.030844 0.706434 
./images_MainRoad1_4/ScreenShot0055.jpg 34.936691 -93.942529 4.500000 0.706434 0.030844 0.030844 0.706434 
./images_MainRoad1_4/ScreenShot0056.jpg 34.476359 -94.243555 4.500000 0.706434 0.030844 0.030844 0.706434 
./images_MainRoad1_4/ScreenShot0057.jpg 34.015873 -94.544673 4.500000 0.706434 0.030844 0.030844 0.706434 
./images_MainRoad1_4/ScreenShot0058.jpg 33.555712 -94.845583 4.500000 0.706434 0.030844 0.030844 0.706434 
./images_MainRoad1_4/ScreenShot0059.jpg 33.094949 -95.146892 4.500000 0.706434 0.030844 0.030844 0.706434 
./images_MainRoad1_4/ScreenShot0060.jpg 32.634606 -95.447921 4.500000 0.706434 0.030844 0.030844 0.706434 
./images_MainRoad1_4/ScreenShot0061.jpg 32.174426 -95.748845 4.500000 0.706434 0.030844 0.030844 0.706434 
./images_MainRoad1_4/ScreenShot0062.jpg 31.713939 -96.049972 4.500000 0.706434 0.030844 0.030844 0.706434 
./images_MainRoad1_4/ScreenShot0063.jpg 31.253506 -96.351062 4.500000 0.706434 0.030844 0.030844 0.706434 
./images_MainRoad1_4/ScreenShot0064.jpg 30.793525 -96.651858 4.500000 0.706434 0.030844 0.030844 0.706434 
./images_MainRoad1_4/ScreenShot0065.jpg 30.332260 -96.953492 4.500000 0.706434 0.030844 0.030844 0.706434 
./images_MainRoad1_4/ScreenShot0066.jpg 29.871941 -97.254504 4.500000 0.706434 0.030844 0.030844 0.706434 
./images_MainRoad1_4/ScreenShot0067.jpg 29.412083 -97.555216 4.500000 0.706434 0.030844 0.030844 0.706434 
./images_MainRoad1_4/ScreenShot0068.jpg 28.952221 -97.855936 4.500000 0.706434 0.030844 0.030844 0.706434 
./images_MainRoad1_4/ScreenShot0069.jpg 28.490817 -98.157658 4.500000 0.706434 0.030844 0.030844 0.706434 
./images_MainRoad1_4/ScreenShot0070.jpg 28.030608 -98.458603 4.500000 0.706434 0.030844 0.030844 0.706434 
./images_MainRoad1_4/ScreenShot0071.jpg 27.571319 -98.758945 4.500000 0.706434 0.030844 0.030844 0.706434 
./images_MainRoad1_4/ScreenShot0072.jpg 27.110626 -99.060205 4.500000 0.706434 0.030844 0.030844 0.706434 
./images_MainRoad1_4/ScreenShot0073.jpg 26.650521 -99.361083 4.500000 0.706434 0.030844 0.030844 0.706434 
./images_MainRoad1_4/ScreenShot0074.jpg 26.189930 -99.662275 4.500000 0.706434 0.030844 0.030844 0.706434 
./images_MainRoad1_4/ScreenShot0075.jpg 25.730064 -99.962996 4.500000 0.706434 0.030844 0.030844 0.706434 
./images_MainRoad1_4/ScreenShot0076.jpg 25.269475 -100.264182 4.500000 0.706434 0.030844 0.030844 0.706434 
./images_MainRoad1_4/ScreenShot0077.jpg 24.809123 -100.565220 4.500000 0.706434 0.030844 0.030844 0.706434 
./images_MainRoad1_4/ScreenShot0078.jpg 24.348448 -100.866467 4.500000 0.706434 0.030844 0.030844 0.706434 
./images_MainRoad1_4/ScreenShot0079.jpg 23.888404 -101.167304 4.500000 0.706434 0.030844 0.030844 0.706434 
./images_MainRoad1_4/ScreenShot0080.jpg 23.428188 -101.468252 4.500000 0.706434 0.030844 0.030844 0.706434 
./images_MainRoad1_4/ScreenShot0081.jpg 22.968207 -101.769048 4.500000 0.706434 0.030844 0.030844 0.706434 
./images_MainRoad1_4/ScreenShot0082.jpg 22.508228 -102.069841 4.500000 0.706434 0.030844 0.030844 0.706434 
./images_MainRoad1_4/ScreenShot0083.jpg 22.047526 -102.371107 4.500000 0.706434 0.030844 0.030844 0.706434 
./images_MainRoad1_4/ScreenShot0084.jpg 21.586880 -102.672338 4.500000 0.706434 0.030844 0.030844 0.706434 
./images_MainRoad1_4/ScreenShot0085.jpg 21.127058 -102.973022 4.500000 0.706434 0.030844 0.030844 0.706434 
./images_MainRoad1_4/ScreenShot0086.jpg 20.666497 -103.274198 4.500000 0.706434 0.030844 0.030844 0.706434 
./images_MainRoad1_4/ScreenShot0087.jpg 20.206129 -103.575245 4.500000 0.706434 0.030844 0.030844 0.706434 
./images_MainRoad1_4/ScreenShot0088.jpg 19.746157 -103.876033 4.500000 0.706434 0.030844 0.030844 0.706434 
./images_MainRoad1_4/ScreenShot0089.jpg 19.285623 -104.177189 4.500000 0.706434 0.030844 0.030844 0.706434 
./images_MainRoad1_4/ScreenShot0090.jpg 18.825338 -104.478183 4.500000 0.706434 0.030844 0.030844 0.706434 
./images_MainRoad1_4/ScreenShot0091.jpg 18.364372 -104.779622 4.500000 0.706434 0.030844 0.030844 0.706434 
./images_MainRoad1_4/ScreenShot0092.jpg 17.903899 -105.080740 4.500000 0.706434 0.030844 0.030844 0.706434 
./images_MainRoad1_4/ScreenShot0093.jpg 17.443029 -105.382115 4.500000 0.706434 0.030844 0.030844 0.706434 
./images_MainRoad1_4/ScreenShot0094.jpg 16.982387 -105.683339 4.500000 0.706434 0.030844 0.030844 0.706434 
./images_MainRoad1_4/ScreenShot0095.jpg 16.520666 -105.985273 4.500000 0.706434 0.030844 0.030844 0.706434 
./images_MainRoad1_4/ScreenShot0096.jpg 16.062677 -106.284762 4.500000 0.706434 0.030844 0.030844 0.706434 
./images_MainRoad1_4/ScreenShot0097.jpg 61.630831 -76.486493 4.500000 0.706434 0.030844 0.030844 0.706434 
./images_MainRoad1_4/ScreenShot0098.jpg 61.171962 -76.786561 4.500000 0.706434 0.030844 0.030844 0.706434 
