./images_MainRoad3_1/ScreenShot0001.jpg 84.729688 -47.407891 4.500000 0.500000 0.500000 0.500000 0.500000 
./images_MainRoad3_1/ScreenShot0002.jpg 83.412661 -48.272807 4.500000 0.500000 0.500000 0.500000 0.500000 
./images_MainRoad3_1/ScreenShot0003.jpg 82.082934 -49.146056 4.500000 0.500000 0.500000 0.500000 0.500000 
./images_MainRoad3_1/ScreenShot0004.jpg 80.752995 -50.019453 4.500000 0.500000 0.500000 0.500000 0.500000 
./images_MainRoad3_1/ScreenShot0005.jpg 79.424820 -50.891690 4.500000 0.500000 0.500000 0.500000 0.500000 
./images_MainRoad3_1/ScreenShot0006.jpg 78.091368 -51.767388 4.500000 0.500000 0.500000 0.500000 0.500000 
./images_MainRoad3_1/ScreenShot0007.jpg 76.764101 -52.639030 4.500000 0.500000 0.500000 0.500000 0.500000 
./images_MainRoad3_1/ScreenShot0008.jpg 75.429844 -53.515258 4.500000 0.500000 0.500000 0.500000 0.500000 
./images_MainRoad3_1/ScreenShot0009.jpg 74.103233 -54.386467 4.500000 0.500000 0.500000 0.500000 0.500000 
./images_MainRoad3_1/ScreenShot0010.jpg 72.775048 -55.258707 4.500000 0.500000 0.500000 0.500000 0.500000 
./images_MainRoad3_1/ScreenShot0011.jpg 71.442928 -56.133535 4.500000 0.500000 0.500000 0.500000 0.500000 
./images_MainRoad3_1/ScreenShot0012.jpg 70.115490 -57.005285 4.500000 0.500000 0.500000 0.500000 0.500000 
./images_MainRoad3_1/ScreenShot0013.jpg 68.784142 -57.879605 4.500000 0.500000 0.500000 0.500000 0.500000 
./images_MainRoad3_1/ScreenShot0014.jpg 67.458347 -58.750276 4.500000 0.500000 0.500000 0.500000 0.500000 
./images_MainRoad3_1/ScreenShot0015.jpg 66.128566 -59.623567 4.500000 0.500000 0.500000 0.500000 0.500000 
./images_MainRoad3_1/ScreenShot0016.jpg 64.798832 -60.496830 4.500000 0.500000 0.500000 0.500000 0.500000 
./images_MainRoad3_1/ScreenShot0017.jpg 63.467969 -61.370829 4.500000 0.500000 0.500000 0.500000 0.500000 
./images_MainRoad3_1/ScreenShot0018.jpg 62.133147 -62.247431 4.500000 0.500000 0.500000 0.500000 0.500000 
./images_MainRoad3_1/ScreenShot0019.jpg 60.801954 -63.121646 4.500000 0.500000 0.500000 0.500000 0.500000 
./images_MainRoad3_1/ScreenShot0020.jpg 59.470039 -63.996341 4.500000 0.500000 0.500000 0.500000 0.500000 
./images_MainRoad3_1/ScreenShot0021.jpg 58.146349 -64.865628 4.500000 0.500000 0.500000 0.500000 0.500000 
./images_MainRoad3_1/ScreenShot0022.jpg 56.819913 -65.736724 4.500000 0.500000 0.500000 0.500000 0.500000 
./images_MainRoad3_1/ScreenShot0023.jpg 55.490822 -66.609560 4.500000 0.500000 0.500000 0.500000 0.500000 
./images_MainRoad3_1/ScreenShot0024.jpg 54.158155 -67.484742 4.500000 0.500000 0.500000 0.500000 0.500000 
./images_MainRoad3_1/ScreenShot0025.jpg 52.818704 -68.364387 4.500000 0.500000 0.500000 0.500000 0.500000 
./images_MainRoad3_1/ScreenShot0026.jpg 51.501950 -69.229119 4.500000 0.500000 0.500000 0.500000 0.500000 
./images_MainRoad3_1/ScreenShot0027.jpg 50.172577 -70.102143 4.500000 0.500000 0.500000 0.500000 0.500000 
./images_MainRoad3_1/ScreenShot0028.jpg 48.834300 -70.981011 4.500000 0.500000 0.500000 0.500000 0.500000 
./images_MainRoad3_1/ScreenShot0029.jpg 47.512677 -71.848942 4.500000 0.500000 0.500000 0.500000 0.500000 
./images_MainRoad3_1/ScreenShot0030.jpg 46.185407 -72.720586 4.500000 0.500000 0.500000 0.500000 0.500000 
./images_MainRoad3_1/ScreenShot0031.jpg 44.857079 -73.592924 4.500000 0.500000 0.500000 0.500000 0.500000 
./images_MainRoad3_1/ScreenShot0032.jpg 43.526706 -74.466601 4.500000 0.500000 0.500000 0.500000 0.500000 
./images_MainRoad3_1/ScreenShot0033.jpg 42.197426 -75.339559 4.500000 0.500000 0.500000 0.500000 0.500000 
./images_MainRoad3_1/ScreenShot0034.jpg 39.535121 -77.087943 4.500000 0.500000 0.500000 0.500000 0.500000 
./images_MainRoad3_1/ScreenShot0035.jpg 38.207750 -77.959654 4.500000 0.500000 0.500000 0.500000 0.500000 
./images_MainRoad3_1/ScreenShot0036.jpg 36.876499 -78.833906 4.500000 0.500000 0.500000 0.500000 0.500000 
./images_MainRoad3_1/ScreenShot0037.jpg 35.547604 -79.706614 4.500000 0.500000 0.500000 0.500000 0.500000 
./images_MainRoad3_1/ScreenShot0038.jpg 24.899671 -86.699299 4.500000 0.500000 0.500000 0.500000 0.500000 
./images_MainRoad3_1/ScreenShot0039.jpg 23.580284 -87.565760 4.500000 0.500000 0.500000 0.500000 0.500000 
./images_MainRoad3_1/ScreenShot0040.jpg 22.246656 -88.441580 4.500000 0.500000 0.500000 0.500000 0.500000 
./images_MainRoad3_1/ScreenShot0041.jpg 20.913568 -89.317038 4.500000 0.500000 0.500000 0.500000 0.500000 
./images_MainRoad3_1/ScreenShot0042.jpg 19.582770 -90.190995 4.500000 0.500000 0.500000 0.500000 0.500000 
./images_MainRoad3_1/ScreenShot0043.jpg 18.262170 -91.058259 4.500000 0.500000 0.500000 0.500000 0.500000 
./images_MainRoad3_1/ScreenShot0044.jpg 16.933380 -91.930899 4.500000 0.500000 0.500000 0.500000 0.500000 
./images_MainRoad3_1/ScreenShot0045.jpg 15.604393 -92.803671 4.500000 0.500000 0.500000 0.500000 0.500000 
./images_MainRoad3_1/ScreenShot0046.jpg 14.278017 -93.674723 4.500000 0.500000 0.500000 0.500000 0.500000 
./images_MainRoad3_1/ScreenShot0047.jpg 12.947540 -94.548467 4.500000 0.500000 0.500000 0.500000 0.500000 
./images_MainRoad3_1/ScreenShot0048.jpg 11.615120 -95.423488 4.500000 0.500000 0.500000 0.500000 0.500000 
./images_MainRoad3_1/ScreenShot0049.jpg 10.285889 -96.296422 4.500000 0.500000 0.500000 0.500000 0.500000 
./images_MainRoad3_1/ScreenShot0050.jpg 8.959773 -97.167303 4.500000 0.500000 0.500000 0.500000 0.500000 
./images_MainRoad3_1/ScreenShot0051.jpg 7.630828 -98.040045 4.500000 0.500000 0.500000 0.500000 0.500000 
./images_MainRoad3_1/ScreenShot0052.jpg 6.297981 -98.915347 4.500000 0.500000 0.500000 0.500000 0.500000 
./images_MainRoad3_1/ScreenShot0053.jpg 4.971900 -99.786208 4.500000 0.500000 0.500000 0.500000 0.500000 
./images_MainRoad3_1/ScreenShot0054.jpg 3.641584 -100.659856 4.500000 0.500000 0.500000 0.500000 0.500000 
