./images_MainRoad1/ScreenShot0001.jpg 60.249184 -77.389993 4.500000 0.500000 0.500000 0.500000 0.500000 
./images_MainRoad1/ScreenShot0002.jpg 59.790679 -77.689821 4.500000 0.500000 0.500000 0.500000 0.500000 
./images_MainRoad1/ScreenShot0003.jpg 59.332158 -77.989663 4.500000 0.500000 0.500000 0.500000 0.500000 
./images_MainRoad1/ScreenShot0004.jpg 58.871689 -78.290771 4.500000 0.500000 0.500000 0.500000 0.500000 
./images_MainRoad1/ScreenShot0005.jpg 58.412532 -78.591025 4.500000 0.500000 0.500000 0.500000 0.500000 
./images_MainRoad1/ScreenShot0006.jpg 57.952615 -78.891778 4.500000 0.500000 0.500000 0.500000 0.500000 
./images_MainRoad1/ScreenShot0007.jpg 57.491351 -79.193413 4.500000 0.500000 0.500000 0.500000 0.500000 
./images_MainRoad1/ScreenShot0008.jpg 57.030795 -79.494583 4.500000 0.500000 0.500000 0.500000 0.500000 
./images_MainRoad1/ScreenShot0009.jpg 56.570301 -79.795715 4.500000 0.500000 0.500000 0.500000 0.500000 
./images_MainRoad1/ScreenShot0010.jpg 56.110475 -80.096408 4.500000 0.500000 0.500000 0.500000 0.500000 
./images_MainRoad1/ScreenShot0011.jpg 55.650043 -80.397498 4.500000 0.500000 0.500000 0.500000 0.500000 
./images_MainRoad1/ScreenShot0012.jpg 55.190345 -80.698108 4.500000 0.500000 0.500000 0.500000 0.500000 
./images_MainRoad1/ScreenShot0013.jpg 54.730024 -80.999120 4.500000 0.500000 0.500000 0.500000 0.500000 
./images_MainRoad1/ScreenShot0014.jpg 54.269257 -81.300427 4.500000 0.500000 0.500000 0.500000 0.500000 
./images_MainRoad1/ScreenShot0015.jpg 53.808978 -81.601418 4.500000 0.500000 0.500000 0.500000 0.500000 
./images_MainRoad1/ScreenShot0016.jpg 53.348368 -81.902624 4.500000 0.500000 0.500000 0.500000 0.500000 
./images_MainRoad1/ScreenShot0017.jpg 52.888335 -82.203451 4.500000 0.500000 0.500000 0.500000 0.500000 
./images_MainRoad1/ScreenShot0018.jpg 52.428248 -82.504317 4.500000 0.500000 0.500000 0.500000 0.500000 
./images_MainRoad1/ScreenShot0019.jpg 51.968057 -82.805248 4.500000 0.500000 0.500000 0.500000 0.500000 
./images_MainRoad1/ScreenShot0020.jpg 51.507795 -83.106228 4.500000 0.500000 0.500000 0.500000 0.500000 
./images_MainRoad1/ScreenShot0021.jpg 51.047327 -83.407341 4.500000 0.500000 0.500000 0.500000 0.500000 
./images_MainRoad1/ScreenShot0022.jpg 50.587317 -83.708149 4.500000 0.500000 0.500000 0.500000 0.500000 
./images_MainRoad1/ScreenShot0023.jpg 50.126834 -84.009271 4.500000 0.500000 0.500000 0.500000 0.500000 
./images_MainRoad1/ScreenShot0024.jpg 49.666393 -84.310367 4.500000 0.500000 0.500000 0.500000 0.500000 
./images_MainRoad1/ScreenShot0025.jpg 49.205777 -84.611577 4.500000 0.500000 0.500000 0.500000 0.500000 
./images_MainRoad1/ScreenShot0026.jpg 48.745784 -84.912381 4.500000 0.500000 0.500000 0.500000 0.500000 
./images_MainRoad1/ScreenShot0027.jpg 48.285652 -85.213274 4.500000 0.500000 0.500000 0.500000 0.500000 
./images_MainRoad1/ScreenShot0028.jpg 47.825379 -85.514259 4.500000 0.500000 0.500000 0.500000 0.500000 
./images_MainRoad1/ScreenShot0029.jpg 47.364851 -85.815413 4.500000 0.500000 0.500000 0.500000 0.500000 
./images_MainRoad1/ScreenShot0030.jpg 46.904543 -86.116420 4.500000 0.500000 0.500000 0.500000 0.500000 
./images_MainRoad1/ScreenShot0031.jpg 46.444402 -86.417315 4.500000 0.500000 0.500000 0.500000 0.500000 
./images_MainRoad1/ScreenShot0032.jpg 45.984014 -86.718374 4.500000 0.500000 0.500000 0.500000 0.500000 
./images_MainRoad1/ScreenShot0033.jpg 45.523918 -87.019245 4.500000 0.500000 0.500000 0.500000 0.500000 
./images_MainRoad1/ScreenShot0034.jpg 45.063363 -87.320415 4.500000 0.500000 0.500000 0.500000 0.500000 
./images_MainRoad1/ScreenShot0035.jpg 44.603214 -87.621320 4.500000 0.500000 0.500000 0.500000 0.500000 
./images_MainRoad1/ScreenShot0036.jpg 44.142660 -87.922489 4.500000 0.500000 0.500000 0.500000 0.500000 
./images_MainRoad1/ScreenShot0037.jpg 43.682540 -88.223376 4.500000 0.500000 0.500000 0.500000 0.500000 
./images_MainRoad1/ScreenShot0038.jpg 43.222389 -88.524282 4.500000 0.500000 0.500000 0.500000 0.500000 
./images_MainRoad1/ScreenShot0039.jpg 42.761684 -88.825550 4.500000 0.500000 0.500000 0.500000 0.500000 
./images_MainRoad1/ScreenShot0040.jpg 42.300925 -89.126849 4.500000 0.500000 0.500000 0.500000 0.500000 
./images_MainRoad1/ScreenShot0041.jpg 41.838490 -89.429247 4.500000 0.500000 0.500000 0.500000 0.500000 
./images_MainRoad1/ScreenShot0042.jpg 41.378378 -89.730128 4.500000 0.500000 0.500000 0.500000 0.500000 
./images_MainRoad1/ScreenShot0043.jpg 40.919738 -90.030045 4.500000 0.500000 0.500000 0.500000 0.500000 
./images_MainRoad1/ScreenShot0044.jpg 40.459764 -90.330836 4.500000 0.500000 0.500000 0.500000 0.500000 
./images_MainRoad1/ScreenShot0045.jpg 40.000132 -90.631404 4.500000 0.500000 0.500000 0.500000 0.500000 
./images_MainRoad1/ScreenShot0046.jpg 39.539870 -90.932382 4.500000 0.500000 0.500000 0.500000 0.500000 
./images_MainRoad1/ScreenShot0047.jpg 39.079535 -91.233408 4.500000 0.500000 0.500000 0.500000 0.500000 
./images_MainRoad1/ScreenShot0048.jpg 38.619121 -91.534487 4.500000 0.500000 0.500000 0.500000 0.500000 
./images_MainRoad1/ScreenShot0049.jpg 38.157968 -91.836042 4.500000 0.500000 0.500000 0.500000 0.500000 
./images_MainRoad1/ScreenShot0050.jpg 37.696960 -92.137508 4.500000 0.500000 0.500000 0.500000 0.500000 
./images_MainRoad1/ScreenShot0051.jpg 37.237868 -92.437721 4.500000 0.500000 0.500000 0.500000 0.500000 
./images_MainRoad1/ScreenShot0052.jpg 36.777605 -92.738701 4.500000 0.500000 0.500000 0.500000 0.500000 
./images_MainRoad1/ScreenShot0053.jpg 36.317285 -93.039717 4.500000 0.500000 0.500000 0.500000 0.500000 
./images_MainRoad1/ScreenShot0054.jpg 35.856406 -93.341098 4.500000 0.500000 0.500000 0.500000 0.500000 
./images_MainRoad1/ScreenShot0055.jpg 35.396741 -93.641687 4.500000 0.500000 0.500000 0.500000 0.500000 
./images_MainRoad1/ScreenShot0056.jpg 34.936330 -93.942765 4.500000 0.500000 0.500000 0.500000 0.500000 
./images_MainRoad1/ScreenShot0057.jpg 34.476210 -94.243652 4.500000 0.500000 0.500000 0.500000 0.500000 
./images_MainRoad1/ScreenShot0058.jpg 34.015733 -94.544764 4.500000 0.500000 0.500000 0.500000 0.500000 
./images_MainRoad1/ScreenShot0059.jpg 33.554404 -94.846438 4.500000 0.500000 0.500000 0.500000 0.500000 
./images_MainRoad1/ScreenShot0060.jpg 33.095152 -95.146760 4.500000 0.500000 0.500000 0.500000 0.500000 
./images_MainRoad1/ScreenShot0061.jpg 32.634151 -95.448219 4.500000 0.500000 0.500000 0.500000 0.500000 
./images_MainRoad1/ScreenShot0062.jpg 32.174355 -95.748892 4.500000 0.500000 0.500000 0.500000 0.500000 
./images_MainRoad1/ScreenShot0063.jpg 31.713919 -96.049985 4.500000 0.500000 0.500000 0.500000 0.500000 
./images_MainRoad1/ScreenShot0064.jpg 31.252779 -96.351538 4.500000 0.500000 0.500000 0.500000 0.500000 
./images_MainRoad1/ScreenShot0065.jpg 30.793761 -96.651704 4.500000 0.500000 0.500000 0.500000 0.500000 
./images_MainRoad1/ScreenShot0066.jpg 30.333058 -96.952971 4.500000 0.500000 0.500000 0.500000 0.500000 
./images_MainRoad1/ScreenShot0067.jpg 29.872896 -97.253879 4.500000 0.500000 0.500000 0.500000 0.500000 
./images_MainRoad1/ScreenShot0068.jpg 29.412435 -97.554986 4.500000 0.500000 0.500000 0.500000 0.500000 
./images_MainRoad1/ScreenShot0069.jpg 28.952342 -97.855856 4.500000 0.500000 0.500000 0.500000 0.500000 
./images_MainRoad1/ScreenShot0070.jpg 28.492115 -98.156809 4.500000 0.500000 0.500000 0.500000 0.500000 
./images_MainRoad1/ScreenShot0071.jpg 28.031804 -98.457821 4.500000 0.500000 0.500000 0.500000 0.500000 
./images_MainRoad1/ScreenShot0072.jpg 27.571344 -98.758929 4.500000 0.500000 0.500000 0.500000 0.500000 
./images_MainRoad1/ScreenShot0073.jpg 27.111171 -99.059849 4.500000 0.500000 0.500000 0.500000 0.500000 
./images_MainRoad1/ScreenShot0074.jpg 26.650707 -99.360961 4.500000 0.500000 0.500000 0.500000 0.500000 
./images_MainRoad1/ScreenShot0075.jpg 26.190485 -99.661912 4.500000 0.500000 0.500000 0.500000 0.500000 
./images_MainRoad1/ScreenShot0076.jpg 25.729573 -99.963318 4.500000 0.500000 0.500000 0.500000 0.500000 
./images_MainRoad1/ScreenShot0077.jpg 25.269318 -100.264285 4.500000 0.500000 0.500000 0.500000 0.500000 
./images_MainRoad1/ScreenShot0078.jpg 24.809321 -100.565091 4.500000 0.500000 0.500000 0.500000 0.500000 
./images_MainRoad1/ScreenShot0079.jpg 24.348954 -100.866136 4.500000 0.500000 0.500000 0.500000 0.500000 
./images_MainRoad1/ScreenShot0080.jpg 23.888594 -101.167180 4.500000 0.500000 0.500000 0.500000 0.500000 
./images_MainRoad1/ScreenShot0081.jpg 23.428320 -101.468166 4.500000 0.500000 0.500000 0.500000 0.500000 
./images_MainRoad1/ScreenShot0082.jpg 22.967895 -101.769253 4.500000 0.500000 0.500000 0.500000 0.500000 
./images_MainRoad1/ScreenShot0083.jpg 22.507256 -102.070477 4.500000 0.500000 0.500000 0.500000 0.500000 
./images_MainRoad1/ScreenShot0084.jpg 22.046612 -102.371705 4.500000 0.500000 0.500000 0.500000 0.500000 
./images_MainRoad1/ScreenShot0085.jpg 21.586984 -102.672270 4.500000 0.500000 0.500000 0.500000 0.500000 
./images_MainRoad1/ScreenShot0086.jpg 20.666209 -103.274386 4.500000 0.500000 0.500000 0.500000 0.500000 
./images_MainRoad1/ScreenShot0087.jpg 20.205368 -103.575742 4.500000 0.500000 0.500000 0.500000 0.500000 
./images_MainRoad1/ScreenShot0088.jpg 19.745521 -103.876449 4.500000 0.500000 0.500000 0.500000 0.500000 
./images_MainRoad1/ScreenShot0089.jpg 19.285248 -104.177434 4.500000 0.500000 0.500000 0.500000 0.500000 
./images_MainRoad1/ScreenShot0090.jpg 18.824841 -104.478508 4.500000 0.500000 0.500000 0.500000 0.500000 
./images_MainRoad1/ScreenShot0091.jpg 18.364626 -104.779456 4.500000 0.500000 0.500000 0.500000 0.500000 
./images_MainRoad1/ScreenShot0092.jpg 17.903737 -105.080846 4.500000 0.500000 0.500000 0.500000 0.500000 
./images_MainRoad1/ScreenShot0093.jpg 17.443643 -105.381714 4.500000 0.500000 0.500000 0.500000 0.500000 
./images_MainRoad1/ScreenShot0094.jpg 16.983845 -105.682387 4.500000 0.500000 0.500000 0.500000 0.500000 
./images_MainRoad1/ScreenShot0095.jpg 16.523265 -105.983573 4.500000 0.500000 0.500000 0.500000 0.500000 
./images_MainRoad1/ScreenShot0096.jpg 16.060573 -106.286137 4.500000 0.500000 0.500000 0.500000 0.500000 
./images_MainRoad1/ScreenShot0097.jpg 61.629484 -76.487373 4.500000 0.500000 0.500000 0.500000 0.500000 
./images_MainRoad1/ScreenShot0098.jpg 60.712614 -77.086943 4.500000 0.500000 0.500000 0.500000 0.500000 
