./images_OneRoad1_3/ScreenShot0001.jpg 21.589423 -22.180108 4.500000 0.541675 0.541675 0.454519 0.454519 
./images_OneRoad1_3/ScreenShot0002.jpg 21.867185 -22.551442 4.500000 0.541675 0.541675 0.454519 0.454519 
./images_OneRoad1_3/ScreenShot0003.jpg 22.142611 -22.919656 4.500000 0.541675 0.541675 0.454519 0.454519 
./images_OneRoad1_3/ScreenShot0004.jpg 22.418808 -23.288899 4.500000 0.541675 0.541675 0.454519 0.454519 
./images_OneRoad1_3/ScreenShot0005.jpg 22.695177 -23.658374 4.500000 0.541675 0.541675 0.454519 0.454519 
./images_OneRoad1_3/ScreenShot0006.jpg 22.972080 -24.028562 4.500000 0.541675 0.541675 0.454519 0.454519 
./images_OneRoad1_3/ScreenShot0007.jpg 23.248854 -24.398578 4.500000 0.541675 0.541675 0.454519 0.454519 
./images_OneRoad1_3/ScreenShot0008.jpg 23.525951 -24.769024 4.500000 0.541675 0.541675 0.454519 0.454519 
./images_OneRoad1_3/ScreenShot0009.jpg 23.802557 -25.138813 4.500000 0.541675 0.541675 0.454519 0.454519 
./images_OneRoad1_3/ScreenShot0010.jpg 24.079509 -25.509067 4.500000 0.541675 0.541675 0.454519 0.454519 
./images_OneRoad1_3/ScreenShot0011.jpg 24.083645 -25.514596 4.500000 0.541675 0.541675 0.454519 0.454519 
./images_OneRoad1_3/ScreenShot0012.jpg 24.357025 -25.880072 4.500000 0.541675 0.541675 0.454519 0.454519 
./images_OneRoad1_3/ScreenShot0013.jpg 24.633029 -26.249061 4.500000 0.541675 0.541675 0.454519 0.454519 
./images_OneRoad1_3/ScreenShot0014.jpg 24.909895 -26.619199 4.500000 0.541675 0.541675 0.454519 0.454519 
./images_OneRoad1_3/ScreenShot0015.jpg 25.186925 -26.989554 4.500000 0.541675 0.541675 0.454519 0.454519 
./images_OneRoad1_3/ScreenShot0016.jpg 25.463789 -27.359689 4.500000 0.541675 0.541675 0.454519 0.454519 
./images_OneRoad1_3/ScreenShot0017.jpg 25.740475 -27.729589 4.500000 0.541675 0.541675 0.454519 0.454519 
./images_OneRoad1_3/ScreenShot0018.jpg 26.017241 -28.099592 4.500000 0.541675 0.541675 0.454519 0.454519 
./images_OneRoad1_3/ScreenShot0019.jpg 26.294154 -28.469795 4.500000 0.541675 0.541675 0.454519 0.454519 
./images_OneRoad1_3/ScreenShot0020.jpg 26.298562 -28.475686 4.500000 0.541675 0.541675 0.454519 0.454519 
./images_OneRoad1_3/ScreenShot0021.jpg 26.572247 -28.841573 4.500000 0.541675 0.541675 0.454519 0.454519 
./images_OneRoad1_3/ScreenShot0022.jpg 26.848479 -29.210863 4.500000 0.541675 0.541675 0.454519 0.454519 
./images_OneRoad1_3/ScreenShot0023.jpg 27.125452 -29.581143 4.500000 0.541675 0.541675 0.454519 0.454519 
./images_OneRoad1_3/ScreenShot0024.jpg 27.402548 -29.951589 4.500000 0.541675 0.541675 0.454519 0.454519 
./images_OneRoad1_3/ScreenShot0025.jpg 27.679094 -30.321299 4.500000 0.541675 0.541675 0.454519 0.454519 
./images_OneRoad1_3/ScreenShot0026.jpg 27.956057 -30.691567 4.500000 0.541675 0.541675 0.454519 0.454519 
./images_OneRoad1_3/ScreenShot0027.jpg 28.231981 -31.060445 4.500000 0.541675 0.541675 0.454519 0.454519 
./images_OneRoad1_3/ScreenShot0028.jpg 28.508729 -31.430426 4.500000 0.541675 0.541675 0.454519 0.454519 
./images_OneRoad1_3/ScreenShot0029.jpg 28.785493 -31.800428 4.500000 0.541675 0.541675 0.454519 0.454519 
./images_OneRoad1_3/ScreenShot0030.jpg 29.061776 -32.169786 4.500000 0.541675 0.541675 0.454519 0.454519 
./images_OneRoad1_3/ScreenShot0031.jpg 29.064438 -32.173345 4.500000 0.541675 0.541675 0.454519 0.454519 
./images_OneRoad1_3/ScreenShot0032.jpg 29.339848 -32.541538 4.500000 0.541675 0.541675 0.454519 0.454519 
./images_OneRoad1_3/ScreenShot0033.jpg 29.617227 -32.912361 4.500000 0.541675 0.541675 0.454519 0.454519 
./images_OneRoad1_3/ScreenShot0034.jpg 29.893099 -33.281173 4.500000 0.541675 0.541675 0.454519 0.454519 
./images_OneRoad1_3/ScreenShot0035.jpg 30.170555 -33.652099 4.500000 0.541675 0.541675 0.454519 0.454519 
./images_OneRoad1_3/ScreenShot0036.jpg 30.446949 -34.021602 4.500000 0.541675 0.541675 0.454519 0.454519 
./images_OneRoad1_3/ScreenShot0037.jpg 30.724412 -34.392542 4.500000 0.541675 0.541675 0.454519 0.454519 
./images_OneRoad1_3/ScreenShot0038.jpg 31.001317 -34.762729 4.500000 0.541675 0.541675 0.454519 0.454519 
./images_OneRoad1_3/ScreenShot0039.jpg 31.277541 -35.132011 4.500000 0.541675 0.541675 0.454519 0.454519 
./images_OneRoad1_3/ScreenShot0040.jpg 31.554544 -35.502331 4.500000 0.541675 0.541675 0.454519 0.454519 
./images_OneRoad1_3/ScreenShot0041.jpg 31.830951 -35.871854 4.500000 0.541675 0.541675 0.454519 0.454519 
./images_OneRoad1_3/ScreenShot0042.jpg 32.108357 -36.242718 4.500000 0.541675 0.541675 0.454519 0.454519 
./images_OneRoad1_3/ScreenShot0043.jpg 32.384999 -36.612553 4.500000 0.541675 0.541675 0.454519 0.454519 
./images_OneRoad1_3/ScreenShot0044.jpg 32.661551 -36.982273 4.500000 0.541675 0.541675 0.454519 0.454519 
./images_OneRoad1_3/ScreenShot0045.jpg 32.938333 -37.352300 4.500000 0.541675 0.541675 0.454519 0.454519 
./images_OneRoad1_3/ScreenShot0046.jpg 33.215477 -37.722808 4.500000 0.541675 0.541675 0.454519 0.454519 
./images_OneRoad1_3/ScreenShot0047.jpg 33.492450 -38.093093 4.500000 0.541675 0.541675 0.454519 0.454519 
./images_OneRoad1_3/ScreenShot0048.jpg 33.769081 -38.462913 4.500000 0.541675 0.541675 0.454519 0.454519 
./images_OneRoad1_3/ScreenShot0049.jpg 34.045780 -38.832827 4.500000 0.541675 0.541675 0.454519 0.454519 
./images_OneRoad1_3/ScreenShot0050.jpg 34.322262 -39.202458 4.500000 0.541675 0.541675 0.454519 0.454519 
./images_OneRoad1_3/ScreenShot0051.jpg 34.599169 -39.572643 4.500000 0.541675 0.541675 0.454519 0.454519 
./images_OneRoad1_3/ScreenShot0052.jpg 34.876640 -39.943597 4.500000 0.541675 0.541675 0.454519 0.454519 
./images_OneRoad1_3/ScreenShot0053.jpg 35.153028 -40.313093 4.500000 0.541675 0.541675 0.454519 0.454519 
./images_OneRoad1_3/ScreenShot0054.jpg 35.429620 -40.682863 4.500000 0.541675 0.541675 0.454519 0.454519 
./images_OneRoad1_3/ScreenShot0055.jpg 35.707091 -41.053814 4.500000 0.541675 0.541675 0.454519 0.454519 
./images_OneRoad1_3/ScreenShot0056.jpg 35.983545 -41.423398 4.500000 0.541675 0.541675 0.454519 0.454519 
./images_OneRoad1_3/ScreenShot0057.jpg 36.260123 -41.793152 4.500000 0.541675 0.541675 0.454519 0.454519 
./images_OneRoad1_3/ScreenShot0058.jpg 36.537590 -42.164095 4.500000 0.541675 0.541675 0.454519 0.454519 
./images_OneRoad1_3/ScreenShot0059.jpg 36.813993 -42.533612 4.500000 0.541675 0.541675 0.454519 0.454519 
./images_OneRoad1_3/ScreenShot0060.jpg 37.090619 -42.903434 4.500000 0.541675 0.541675 0.454519 0.454519 
./images_OneRoad1_3/ScreenShot0061.jpg 37.368009 -43.274268 4.500000 0.541675 0.541675 0.454519 0.454519 
./images_OneRoad1_3/ScreenShot0062.jpg 37.644893 -43.644428 4.500000 0.541675 0.541675 0.454519 0.454519 
./images_OneRoad1_3/ScreenShot0063.jpg 37.921556 -44.014300 4.500000 0.541675 0.541675 0.454519 0.454519 
./images_OneRoad1_3/ScreenShot0064.jpg 38.198414 -44.384422 4.500000 0.541675 0.541675 0.454519 0.454519 
./images_OneRoad1_3/ScreenShot0065.jpg 38.475136 -44.754375 4.500000 0.541675 0.541675 0.454519 0.454519 
./images_OneRoad1_3/ScreenShot0066.jpg 38.751678 -45.124076 4.500000 0.541675 0.541675 0.454519 0.454519 
./images_OneRoad1_3/ScreenShot0067.jpg 39.028734 -45.494467 4.500000 0.541675 0.541675 0.454519 0.454519 
./images_OneRoad1_3/ScreenShot0068.jpg 39.305476 -45.864439 4.500000 0.541675 0.541675 0.454519 0.454519 
./images_OneRoad1_3/ScreenShot0069.jpg 39.582238 -46.234439 4.500000 0.541675 0.541675 0.454519 0.454519 
./images_OneRoad1_3/ScreenShot0070.jpg 39.859751 -46.605442 4.500000 0.541675 0.541675 0.454519 0.454519 
./images_OneRoad1_3/ScreenShot0071.jpg 40.136067 -46.974844 4.500000 0.541675 0.541675 0.454519 0.454519 
./images_OneRoad1_3/ScreenShot0072.jpg 40.412923 -47.344971 4.500000 0.541675 0.541675 0.454519 0.454519 
./images_OneRoad1_3/ScreenShot0073.jpg 40.689895 -47.715249 4.500000 0.541675 0.541675 0.454519 0.454519 
./images_OneRoad1_3/ScreenShot0074.jpg 40.966880 -48.085547 4.500000 0.541675 0.541675 0.454519 0.454519 
./images_OneRoad1_3/ScreenShot0075.jpg 41.243578 -48.455459 4.500000 0.541675 0.541675 0.454519 0.454519 
./images_OneRoad1_3/ScreenShot0076.jpg 41.520318 -48.825432 4.500000 0.541675 0.541675 0.454519 0.454519 
./images_OneRoad1_3/ScreenShot0077.jpg 41.797265 -49.195674 4.500000 0.541675 0.541675 0.454519 0.454519 
./images_OneRoad1_3/ScreenShot0078.jpg 42.074080 -49.565749 4.500000 0.541675 0.541675 0.454519 0.454519 
./images_OneRoad1_3/ScreenShot0079.jpg 42.350628 -49.935457 4.500000 0.541675 0.541675 0.454519 0.454519 
./images_OneRoad1_3/ScreenShot0080.jpg 42.627550 -50.305677 4.500000 0.541675 0.541675 0.454519 0.454519 
./images_OneRoad1_3/ScreenShot0081.jpg 42.904313 -50.675676 4.500000 0.541675 0.541675 0.454519 0.454519 
./images_OneRoad1_3/ScreenShot0082.jpg 43.181038 -51.045623 4.500000 0.541675 0.541675 0.454519 0.454519 
./images_OneRoad1_3/ScreenShot0083.jpg 43.457921 -51.415785 4.500000 0.541675 0.541675 0.454519 0.454519 
./images_OneRoad1_3/ScreenShot0084.jpg 43.734750 -51.785874 4.500000 0.541675 0.541675 0.454519 0.454519 
./images_OneRoad1_3/ScreenShot0085.jpg 44.011860 -52.156337 4.500000 0.541675 0.541675 0.454519 0.454519 
./images_OneRoad1_3/ScreenShot0086.jpg 44.288754 -52.526514 4.500000 0.541675 0.541675 0.454519 0.454519 
./images_OneRoad1_3/ScreenShot0087.jpg 44.841352 -53.265272 4.500000 0.541675 0.541675 0.454519 0.454519 
./images_OneRoad1_3/ScreenShot0088.jpg 45.119033 -53.636499 4.500000 0.541675 0.541675 0.454519 0.454519 
./images_OneRoad1_3/ScreenShot0089.jpg 45.396019 -54.006798 4.500000 0.541675 0.541675 0.454519 0.454519 
./images_OneRoad1_3/ScreenShot0090.jpg 45.673133 -54.377267 4.500000 0.541675 0.541675 0.454519 0.454519 
./images_OneRoad1_3/ScreenShot0091.jpg 45.949382 -54.746583 4.500000 0.541675 0.541675 0.454519 0.454519 
./images_OneRoad1_3/ScreenShot0092.jpg 46.226995 -55.117719 4.500000 0.541675 0.541675 0.454519 0.454519 
./images_OneRoad1_3/ScreenShot0093.jpg 46.503081 -55.486814 4.500000 0.541675 0.541675 0.454519 0.454519 
./images_OneRoad1_3/ScreenShot0094.jpg 46.780033 -55.857067 4.500000 0.541675 0.541675 0.454519 0.454519 
./images_OneRoad1_3/ScreenShot0095.jpg 47.056934 -56.227251 4.500000 0.541675 0.541675 0.454519 0.454519 
./images_OneRoad1_3/ScreenShot0096.jpg 47.334407 -56.598201 4.500000 0.541675 0.541675 0.454519 0.454519 
./images_OneRoad1_3/ScreenShot0097.jpg 47.610968 -56.967932 4.500000 0.541675 0.541675 0.454519 0.454519 
