./images_OneRoad1_1/ScreenShot0001.jpg 21.868683 -22.553446 4.500000 0.500000 0.500000 0.500000 0.500000 
./images_OneRoad1_1/ScreenShot0002.jpg 22.144535 -22.922230 4.500000 0.500000 0.500000 0.500000 0.500000 
./images_OneRoad1_1/ScreenShot0003.jpg 22.422715 -23.294122 4.500000 0.500000 0.500000 0.500000 0.500000 
./images_OneRoad1_1/ScreenShot0004.jpg 22.971943 -24.028378 4.500000 0.500000 0.500000 0.500000 0.500000 
./images_OneRoad1_1/ScreenShot0005.jpg 23.249364 -24.399259 4.500000 0.500000 0.500000 0.500000 0.500000 
./images_OneRoad1_1/ScreenShot0006.jpg 23.525947 -24.769019 4.500000 0.500000 0.500000 0.500000 0.500000 
./images_OneRoad1_1/ScreenShot0007.jpg 23.802594 -25.138863 4.500000 0.500000 0.500000 0.500000 0.500000 
./images_OneRoad1_1/ScreenShot0008.jpg 24.079606 -25.509196 4.500000 0.500000 0.500000 0.500000 0.500000 
./images_OneRoad1_1/ScreenShot0009.jpg 24.356134 -25.878882 4.500000 0.500000 0.500000 0.500000 0.500000 
./images_OneRoad1_1/ScreenShot0010.jpg 24.633193 -26.249279 4.500000 0.500000 0.500000 0.500000 0.500000 
./images_OneRoad1_1/ScreenShot0011.jpg 24.910185 -26.619585 4.500000 0.500000 0.500000 0.500000 0.500000 
./images_OneRoad1_1/ScreenShot0012.jpg 25.186836 -26.989436 4.500000 0.500000 0.500000 0.500000 0.500000 
./images_OneRoad1_1/ScreenShot0013.jpg 25.463605 -27.359444 4.500000 0.500000 0.500000 0.500000 0.500000 
./images_OneRoad1_1/ScreenShot0014.jpg 25.740358 -27.729432 4.500000 0.500000 0.500000 0.500000 0.500000 
./images_OneRoad1_1/ScreenShot0015.jpg 26.017973 -28.100570 4.500000 0.500000 0.500000 0.500000 0.500000 
./images_OneRoad1_1/ScreenShot0016.jpg 26.294141 -28.469778 4.500000 0.500000 0.500000 0.500000 0.500000 
./images_OneRoad1_1/ScreenShot0017.jpg 26.570907 -28.839782 4.500000 0.500000 0.500000 0.500000 0.500000 
./images_OneRoad1_1/ScreenShot0018.jpg 26.847715 -29.209842 4.500000 0.500000 0.500000 0.500000 0.500000 
./images_OneRoad1_1/ScreenShot0019.jpg 27.124719 -29.580163 4.500000 0.500000 0.500000 0.500000 0.500000 
./images_OneRoad1_1/ScreenShot0020.jpg 27.402636 -29.951707 4.500000 0.500000 0.500000 0.500000 0.500000 
./images_OneRoad1_1/ScreenShot0021.jpg 27.680547 -30.323241 4.500000 0.500000 0.500000 0.500000 0.500000 
./images_OneRoad1_1/ScreenShot0022.jpg 27.955235 -30.690468 4.500000 0.500000 0.500000 0.500000 0.500000 
./images_OneRoad1_1/ScreenShot0023.jpg 28.232263 -31.060823 4.500000 0.500000 0.500000 0.500000 0.500000 
./images_OneRoad1_1/ScreenShot0024.jpg 28.509253 -31.431126 4.500000 0.500000 0.500000 0.500000 0.500000 
./images_OneRoad1_1/ScreenShot0025.jpg 28.785683 -31.800682 4.500000 0.500000 0.500000 0.500000 0.500000 
./images_OneRoad1_1/ScreenShot0026.jpg 29.062237 -32.170403 4.500000 0.500000 0.500000 0.500000 0.500000 
./images_OneRoad1_1/ScreenShot0027.jpg 29.339276 -32.540773 4.500000 0.500000 0.500000 0.500000 0.500000 
./images_OneRoad1_1/ScreenShot0028.jpg 29.616001 -32.910721 4.500000 0.500000 0.500000 0.500000 0.500000 
./images_OneRoad1_1/ScreenShot0029.jpg 29.894994 -33.283705 4.500000 0.500000 0.500000 0.500000 0.500000 
./images_OneRoad1_1/ScreenShot0030.jpg 30.170041 -33.651411 4.500000 0.500000 0.500000 0.500000 0.500000 
./images_OneRoad1_1/ScreenShot0031.jpg 30.446793 -34.021394 4.500000 0.500000 0.500000 0.500000 0.500000 
./images_OneRoad1_1/ScreenShot0032.jpg 30.723468 -34.391280 4.500000 0.500000 0.500000 0.500000 0.500000 
./images_OneRoad1_1/ScreenShot0033.jpg 31.000377 -34.761473 4.500000 0.500000 0.500000 0.500000 0.500000 
./images_OneRoad1_1/ScreenShot0034.jpg 31.278265 -35.132979 4.500000 0.500000 0.500000 0.500000 0.500000 
./images_OneRoad1_1/ScreenShot0035.jpg 31.555005 -35.502948 4.500000 0.500000 0.500000 0.500000 0.500000 
./images_OneRoad1_1/ScreenShot0036.jpg 31.830509 -35.871264 4.500000 0.500000 0.500000 0.500000 0.500000 
./images_OneRoad1_1/ScreenShot0037.jpg 32.107445 -36.241498 4.500000 0.500000 0.500000 0.500000 0.500000 
./images_OneRoad1_1/ScreenShot0038.jpg 32.384498 -36.611883 4.500000 0.500000 0.500000 0.500000 0.500000 
./images_OneRoad1_1/ScreenShot0039.jpg 32.661146 -36.981732 4.500000 0.500000 0.500000 0.500000 0.500000 
./images_OneRoad1_1/ScreenShot0040.jpg 32.937969 -37.351813 4.500000 0.500000 0.500000 0.500000 0.500000 
./images_OneRoad1_1/ScreenShot0041.jpg 33.214914 -37.722055 4.500000 0.500000 0.500000 0.500000 0.500000 
./images_OneRoad1_1/ScreenShot0042.jpg 33.491958 -38.092436 4.500000 0.500000 0.500000 0.500000 0.500000 
./images_OneRoad1_1/ScreenShot0043.jpg 33.768619 -38.462296 4.500000 0.500000 0.500000 0.500000 0.500000 
./images_OneRoad1_1/ScreenShot0044.jpg 34.045560 -38.832532 4.500000 0.500000 0.500000 0.500000 0.500000 
./images_OneRoad1_1/ScreenShot0045.jpg 34.322306 -39.202518 4.500000 0.500000 0.500000 0.500000 0.500000 
./images_OneRoad1_1/ScreenShot0046.jpg 34.599136 -39.572598 4.500000 0.500000 0.500000 0.500000 0.500000 
./images_OneRoad1_1/ScreenShot0047.jpg 34.876111 -39.942890 4.500000 0.500000 0.500000 0.500000 0.500000 
./images_OneRoad1_1/ScreenShot0048.jpg 35.152951 -40.312989 4.500000 0.500000 0.500000 0.500000 0.500000 
./images_OneRoad1_1/ScreenShot0049.jpg 35.429607 -40.682846 4.500000 0.500000 0.500000 0.500000 0.500000 
./images_OneRoad1_1/ScreenShot0050.jpg 35.706642 -41.053213 4.500000 0.500000 0.500000 0.500000 0.500000 
./images_OneRoad1_1/ScreenShot0051.jpg 35.983291 -41.423058 4.500000 0.500000 0.500000 0.500000 0.500000 
./images_OneRoad1_1/ScreenShot0052.jpg 36.536830 -42.163078 4.500000 0.500000 0.500000 0.500000 0.500000 
./images_OneRoad1_1/ScreenShot0053.jpg 36.813937 -42.533537 4.500000 0.500000 0.500000 0.500000 0.500000 
./images_OneRoad1_1/ScreenShot0054.jpg 37.090818 -42.903699 4.500000 0.500000 0.500000 0.500000 0.500000 
./images_OneRoad1_1/ScreenShot0055.jpg 37.367417 -43.273476 4.500000 0.500000 0.500000 0.500000 0.500000 
./images_OneRoad1_1/ScreenShot0056.jpg 37.644422 -43.643800 4.500000 0.500000 0.500000 0.500000 0.500000 
./images_OneRoad1_1/ScreenShot0057.jpg 37.921243 -44.013881 4.500000 0.500000 0.500000 0.500000 0.500000 
./images_OneRoad1_1/ScreenShot0058.jpg 38.198081 -44.383977 4.500000 0.500000 0.500000 0.500000 0.500000 
./images_OneRoad1_1/ScreenShot0059.jpg 38.474965 -44.754146 4.500000 0.500000 0.500000 0.500000 0.500000 
./images_OneRoad1_1/ScreenShot0060.jpg 38.751903 -45.124377 4.500000 0.500000 0.500000 0.500000 0.500000 
./images_OneRoad1_1/ScreenShot0061.jpg 39.028088 -45.493604 4.500000 0.500000 0.500000 0.500000 0.500000 
./images_OneRoad1_1/ScreenShot0062.jpg 39.305866 -45.864962 4.500000 0.500000 0.500000 0.500000 0.500000 
./images_OneRoad1_1/ScreenShot0063.jpg 39.582390 -46.234641 4.500000 0.500000 0.500000 0.500000 0.500000 
./images_OneRoad1_1/ScreenShot0064.jpg 39.859598 -46.605238 4.500000 0.500000 0.500000 0.500000 0.500000 
./images_OneRoad1_1/ScreenShot0065.jpg 40.135995 -46.974748 4.500000 0.500000 0.500000 0.500000 0.500000 
./images_OneRoad1_1/ScreenShot0066.jpg 40.412822 -47.344835 4.500000 0.500000 0.500000 0.500000 0.500000 
./images_OneRoad1_1/ScreenShot0067.jpg 40.689713 -47.715006 4.500000 0.500000 0.500000 0.500000 0.500000 
./images_OneRoad1_1/ScreenShot0068.jpg 40.966423 -48.084935 4.500000 0.500000 0.500000 0.500000 0.500000 
./images_OneRoad1_1/ScreenShot0069.jpg 41.243153 -48.454891 4.500000 0.500000 0.500000 0.500000 0.500000 
./images_OneRoad1_1/ScreenShot0070.jpg 41.520534 -48.825721 4.500000 0.500000 0.500000 0.500000 0.500000 
./images_OneRoad1_1/ScreenShot0071.jpg 41.797108 -49.195465 4.500000 0.500000 0.500000 0.500000 0.500000 
./images_OneRoad1_1/ScreenShot0072.jpg 42.073674 -49.565206 4.500000 0.500000 0.500000 0.500000 0.500000 
./images_OneRoad1_1/ScreenShot0073.jpg 42.627442 -50.305533 4.500000 0.500000 0.500000 0.500000 0.500000 
./images_OneRoad1_1/ScreenShot0074.jpg 42.904312 -50.675674 4.500000 0.500000 0.500000 0.500000 0.500000 
./images_OneRoad1_1/ScreenShot0075.jpg 43.181050 -51.045638 4.500000 0.500000 0.500000 0.500000 0.500000 
./images_OneRoad1_1/ScreenShot0076.jpg 43.458123 -51.416055 4.500000 0.500000 0.500000 0.500000 0.500000 
./images_OneRoad1_1/ScreenShot0077.jpg 43.734924 -51.786107 4.500000 0.500000 0.500000 0.500000 0.500000 
./images_OneRoad1_1/ScreenShot0078.jpg 43.812928 -51.890388 4.500000 0.500000 0.500000 0.500000 0.500000 
./images_OneRoad1_1/ScreenShot0079.jpg 44.288381 -52.526016 4.500000 0.500000 0.500000 0.500000 0.500000 
./images_OneRoad1_1/ScreenShot0080.jpg 44.566747 -52.898155 4.500000 0.500000 0.500000 0.500000 0.500000 
./images_OneRoad1_1/ScreenShot0081.jpg 44.842276 -53.266508 4.500000 0.500000 0.500000 0.500000 0.500000 
./images_OneRoad1_1/ScreenShot0082.jpg 45.118868 -53.636277 4.500000 0.500000 0.500000 0.500000 0.500000 
./images_OneRoad1_1/ScreenShot0083.jpg 45.395854 -54.006576 4.500000 0.500000 0.500000 0.500000 0.500000 
./images_OneRoad1_1/ScreenShot0084.jpg 45.676811 -54.382188 4.500000 0.500000 0.500000 0.500000 0.500000 
./images_OneRoad1_1/ScreenShot0085.jpg 45.950784 -54.748457 4.500000 0.500000 0.500000 0.500000 0.500000 
./images_OneRoad1_1/ScreenShot0086.jpg 46.226668 -55.117283 4.500000 0.500000 0.500000 0.500000 0.500000 
./images_OneRoad1_1/ScreenShot0087.jpg 46.503331 -55.487148 4.500000 0.500000 0.500000 0.500000 0.500000 
./images_OneRoad1_1/ScreenShot0088.jpg 46.780223 -55.857321 4.500000 0.500000 0.500000 0.500000 0.500000 
./images_OneRoad1_1/ScreenShot0089.jpg 47.056753 -56.227009 4.500000 0.500000 0.500000 0.500000 0.500000 
./images_OneRoad1_1/ScreenShot0090.jpg 47.333586 -56.597103 4.500000 0.500000 0.500000 0.500000 0.500000 
./images_OneRoad1_1/ScreenShot0091.jpg 47.610876 -56.967810 4.500000 0.500000 0.500000 0.500000 0.500000 
./images_OneRoad1_1/ScreenShot0092.jpg 47.887423 -57.337518 4.500000 0.500000 0.500000 0.500000 0.500000 
./images_OneRoad1_1/ScreenShot0093.jpg 48.165289 -57.708997 4.500000 0.500000 0.500000 0.500000 0.500000 
./images_OneRoad1_1/ScreenShot0094.jpg 20.759614 -21.070748 4.500000 0.500000 0.500000 0.500000 0.500000 
